alexnet 4.0483 [70, 36, 64, 32, 11, 18, 6, 2] 408.6531481742859
densenet121 35.94061333333333 [70, 36, 64, 64, 7, 10, 14, 6] 5272.54810833931
densenet161 75.81187333333334 [100, 25, 64, 64, 7, 10, 14, 6] 7141.107326745987
densenet169 44.79733333333333 [70, 36, 64, 64, 7, 10, 14, 6] 7348.472020626068
densenet201 55.76221333333333 [70, 36, 64, 64, 7, 10, 14, 6] 8036.77153468132
resnet101 42.52410222222224 [130, 19, 64, 64, 7, 18, 6, 6] 7496.516439437866
resnet152 52.954644444444476 [130, 19, 64, 64, 7, 18, 6, 6] 8052.894836902618
resnet18 12.5744 [70, 36, 64, 64, 7, 18, 6, 6] 1282.7946691513062
resnet34 20.77232 [70, 36, 64, 64, 7, 18, 6, 6] 1908.1127259731293
resnet50 31.513391111111115 [130, 19, 64, 64, 7, 18, 6, 6] 2914.953026533127
squeezenet1_0 9.51259761904762 [130, 19, 64, 64, 7, 6, 10, 14] 2297.88555932045
squeezenet1_1 5.081707142857143 [70, 36, 64, 64, 3, 6, 14, 10] 2542.0124197006226
vgg11_bn 42.96028571428571 [130, 19, 64, 64, 3, 10, 6, 14] 5891.403469800949
vgg11 42.96028571428571 [130, 19, 64, 64, 3, 10, 6, 14] 2150.965786218643
vgg13_bn 67.84992 [70, 36, 256, 32, 3, 10, 6, 10] 7959.543523311615
vgg13 67.84992 [70, 36, 256, 32, 3, 10, 6, 10] 7997.358050823212
vgg16_bn 91.02528 [70, 36, 256, 32, 3, 10, 6, 10] 7182.253324508667
vgg16 91.02528 [70, 36, 256, 32, 3, 10, 6, 10] 7400.347690105438
vgg19_bn 114.20064 [70, 36, 256, 32, 3, 10, 6, 10] 6382.658717632294
vgg19 114.20064 [70, 36, 256, 32, 3, 10, 6, 10] 10020.232117891312
wide_resnet101_2 95.38776 [130, 19, 64, 64, 7, 18, 6, 6] 7867.678139448166
wide_resnet50_2 62.63556 [130, 19, 64, 64, 7, 18, 6, 6] 4912.9386167526245
mnasnet0_5 14.197804 [[192, 1, 32, 32, 5, 6, 10, 14], [70, 33, 32, 32, 3, 6, 10, 14]] 956.4464385509491
mnasnet1_0 22.83316000000001 [[192, 1, 32, 32, 5, 10, 10, 10], [70, 33, 32, 32, 3, 10, 10, 10]] 1019.4237635135651
mobilenet_v2 17.458973142857147 [[192, 1, 32, 32, 3, 6, 10, 14], [100, 23, 32, 32, 3, 6, 10, 14]] 948.7527844905853
proxyless_cpu 25.584357619047623 [[192, 1, 32, 32, 5, 6, 10, 14], [100, 23, 32, 32, 3, 6, 10, 14]] 1101.0942027568817
proxyless_gpu 26.720888 [[448, 1, 32, 32, 7, 10, 10, 10], [100, 20, 32, 32, 3, 10, 10, 10]] 918.8059179782867
proxyless_mobile 22.8886 [[320, 1, 32, 32, 7, 10, 10, 10], [100, 22, 32, 32, 3, 10, 10, 10]] 1021.2431488037109
shufflenet_v2_x0_5 1.256008 [[64, 1, 32, 32, 3, 10, 10, 10], [100, 24, 32, 32, 3, 10, 10, 10]] 896.6283903121948
shufflenet_v2_x1_0 2.1967476190476196 [[64, 1, 32, 32, 3, 14, 6, 10], [130, 18, 32, 32, 3, 14, 6, 10]] 1052.1222319602966
