alexnet 4.0483 [70, 36, 64, 32, 11, 18, 6, 2] 408.6531481742859
densenet121 35.94061333333333 [70, 36, 64, 64, 7, 10, 14, 6] 5272.54810833931
densenet161 75.81187333333334 [100, 25, 64, 64, 7, 10, 14, 6] 7141.107326745987
densenet169 44.79733333333333 [70, 36, 64, 64, 7, 10, 14, 6] 7348.472020626068
densenet201 55.76221333333333 [70, 36, 64, 64, 7, 10, 14, 6] 8036.77153468132
resnet101 42.52410222222224 [130, 19, 64, 64, 7, 18, 6, 6] 7496.516439437866
resnet152 52.954644444444476 [130, 19, 64, 64, 7, 18, 6, 6] 8052.894836902618
resnet18 12.5744 [70, 36, 64, 64, 7, 18, 6, 6] 1282.7946691513062
resnet34 20.77232 [70, 36, 64, 64, 7, 18, 6, 6] 1908.1127259731293
resnet50 31.513391111111115 [130, 19, 64, 64, 7, 18, 6, 6] 2914.953026533127
squeezenet1_0 9.51259761904762 [130, 19, 64, 64, 7, 6, 10, 14] 2297.88555932045
squeezenet1_1 5.081707142857143 [70, 36, 64, 64, 3, 6, 14, 10] 2542.0124197006226
vgg11_bn 42.96028571428571 [130, 19, 64, 64, 3, 10, 6, 14] 5891.403469800949
vgg11 42.96028571428571 [130, 19, 64, 64, 3, 10, 6, 14] 2150.965786218643
vgg13_bn 67.84992 [70, 36, 256, 32, 3, 10, 6, 10] 7959.543523311615
vgg13 67.84992 [70, 36, 256, 32, 3, 10, 6, 10] 7997.358050823212
vgg16_bn 91.02528 [70, 36, 256, 32, 3, 10, 6, 10] 7182.253324508667
vgg16 91.02528 [70, 36, 256, 32, 3, 10, 6, 10] 7400.347690105438
vgg19_bn 114.20064 [70, 36, 256, 32, 3, 10, 6, 10] 6382.658717632294
vgg19 114.20064 [70, 36, 256, 32, 3, 10, 6, 10] 10020.232117891312
wide_resnet101_2 95.38776 [130, 19, 64, 64, 7, 18, 6, 6] 7867.678139448166
wide_resnet50_2 62.63556 [130, 19, 64, 64, 7, 18, 6, 6] 4912.9386167526245
FBNET 14.731208000000002 [[832, 1, 32, 32, 5, 10, 10, 10], [100, 16, 32, 32, 3, 10, 10, 10]] 1336.8906333446503
mnasnet0_5 7.982816000000001 [[832, 1, 32, 32, 5, 6, 10, 14], [100, 16, 32, 32, 3, 6, 10, 14]] 1072.2603828907013
mnasnet1_0 11.885112 [[704, 1, 32, 32, 5, 10, 10, 10], [100, 18, 32, 32, 3, 10, 10, 10]] 1193.1094748973846
mobilenet_v2 12.585792000000001 [[576, 1, 32, 32, 3, 10, 10, 10], [160, 12, 32, 32, 3, 10, 10, 10]] 1058.6410555839539
proxyless_cpu 17.055528 [[704, 1, 32, 32, 5, 10, 10, 10], [220, 8, 32, 32, 3, 10, 10, 10]] 1350.0930981636047
proxyless_gpu 12.982256000000001 [[832, 1, 32, 32, 7, 10, 10, 10], [130, 12, 32, 32, 3, 10, 10, 10]] 1031.7078442573547
proxyless_mobile 11.654763999999998 [[832, 1, 32, 32, 7, 10, 10, 10], [100, 16, 32, 32, 3, 10, 10, 10]] 1157.8960556983948