alexnet 6.132125 [100, 25, 32, 32, 11, 8, 2, 2] 1300.938372373581
resnet18 22.36248 [70, 36, 32, 32, 7, 8, 4, 4] 3403.1550948619843
squeezenet1_1 10.235933333333334 [70, 36, 32, 32, 3, 4, 6, 6] 5086.035357236862
vgg11 55.21482666666666 [70, 36, 32, 32, 3, 6, 4, 6] 5075.795778274536
resnet34 38.80584 [70, 36, 32, 32, 7, 8, 4, 4] 6204.851927280426
vgg13_bn 78.80778666666666 [70, 36, 32, 32, 3, 6, 4, 6] 6673.699972629547
squeezenet1_0 19.305335 [130, 19, 32, 32, 7, 4, 6, 6] 7630.694691181183
resnet50 59.5662575 [130, 19, 32, 32, 7, 8, 4, 4] 7639.859484910965
wide_resnet50_2 122.79935 [130, 19, 32, 32, 7, 8, 4, 4] 7915.515249490738
vgg16_bn 104.86026666666666 [70, 36, 32, 32, 3, 6, 4, 6] 13912.920646905899
resnet101 84.3403575 [130, 19, 32, 32, 7, 8, 4, 4] 14683.544170379639
densenet121 61.32574333333333 [130, 19, 32, 32, 7, 6, 6, 4] 15055.411992073059
vgg13 78.80778666666666 [70, 36, 32, 32, 3, 6, 4, 6] 18460.285679101944
vgg16 104.86026666666666 [70, 36, 32, 32, 3, 6, 4, 6] 18776.936101198196
wide_resnet101_2 196.4918 [130, 19, 32, 32, 7, 8, 4, 4] 19125.129369020462
resnet152 106.1115075 [130, 19, 32, 32, 7, 8, 4, 4] 19320.281178712845
vgg19_bn 130.19968 [70, 36, 32, 32, 3, 8, 4, 4] 21588.250801563263
vgg11_bn 55.21482666666666 [70, 36, 32, 32, 3, 6, 4, 6] 22045.297058820724
densenet161 130.942595 [100, 25, 32, 32, 7, 6, 8, 2] 22243.24837255478
densenet169 76.60744333333334 [130, 19, 32, 32, 7, 6, 6, 4] 22322.083379268646
densenet201 92.53856333333334 [130, 19, 32, 32, 7, 6, 6, 4] 22417.14760375023
vgg19 130.19968 [70, 36, 32, 32, 3, 8, 4, 4] 26121.264395475388
