== [64, 1, 32, 32, 3, 2, 2, 2] [10, 245, 32, 32, 3, 2, 2, 2] 76.25052
== [64, 1, 32, 32, 3, 2, 2, 2] [40, 61, 32, 32, 3, 2, 2, 2] 9.04752
== [64, 1, 32, 32, 3, 2, 2, 2] [70, 35, 32, 32, 3, 2, 2, 2] 6.87702
== [64, 1, 32, 32, 3, 2, 2, 2] [100, 24, 32, 32, 3, 2, 2, 2] 6.21532
== [64, 1, 32, 32, 3, 2, 2, 2] [130, 18, 32, 32, 3, 2, 2, 2] 7.63182
== [64, 1, 32, 32, 3, 2, 2, 2] [160, 15, 32, 32, 3, 2, 2, 2] 9.09312
== [64, 1, 32, 32, 3, 2, 2, 2] [190, 12, 32, 32, 3, 2, 2, 2] 10.17682
== [64, 1, 32, 32, 3, 2, 2, 2] [220, 11, 32, 32, 3, 2, 2, 2] 11.63752
== [192, 1, 32, 32, 3, 2, 2, 2] [10, 232, 32, 32, 3, 2, 2, 2] 73.69792
== [192, 1, 32, 32, 3, 2, 2, 2] [40, 58, 32, 32, 3, 2, 2, 2] 10.0928
== [192, 1, 32, 32, 3, 2, 2, 2] [70, 33, 32, 32, 3, 2, 2, 2] 8.03946
== [192, 1, 32, 32, 3, 2, 2, 2] [100, 23, 32, 32, 3, 2, 2, 2] 8.0117
== [192, 1, 32, 32, 3, 2, 2, 2] [130, 17, 32, 32, 3, 2, 2, 2] 9.04565
== [192, 1, 32, 32, 3, 2, 2, 2] [160, 14, 32, 32, 3, 2, 2, 2] 10.4448
== [192, 1, 32, 32, 3, 2, 2, 2] [190, 12, 32, 32, 3, 2, 2, 2] 11.6277
== [192, 1, 32, 32, 3, 2, 2, 2] [220, 10, 32, 32, 3, 2, 2, 2] 13.0158
== [320, 1, 32, 32, 3, 2, 2, 2] [10, 220, 32, 32, 3, 2, 2, 2] 71.5032
== [320, 1, 32, 32, 3, 2, 2, 2] [40, 55, 32, 32, 3, 2, 2, 2] 11.188
== [320, 1, 32, 32, 3, 2, 2, 2] [70, 31, 32, 32, 3, 2, 2, 2] 9.60987
== [320, 1, 32, 32, 3, 2, 2, 2] [100, 22, 32, 32, 3, 2, 2, 2] 9.415
== [320, 1, 32, 32, 3, 2, 2, 2] [130, 16, 32, 32, 3, 2, 2, 2] 10.4171
== [320, 1, 32, 32, 3, 2, 2, 2] [160, 13, 32, 32, 3, 2, 2, 2] 11.9288
== [320, 1, 32, 32, 3, 2, 2, 2] [190, 11, 32, 32, 3, 2, 2, 2] 13.2995
== [320, 1, 32, 32, 3, 2, 2, 2] [220, 10, 32, 32, 3, 2, 2, 2] 14.5166
== [448, 1, 32, 32, 3, 2, 2, 2] [10, 207, 32, 32, 3, 2, 2, 2] 69.00052
== [448, 1, 32, 32, 3, 2, 2, 2] [40, 51, 32, 32, 3, 2, 2, 2] 12.148
== [448, 1, 32, 32, 3, 2, 2, 2] [70, 29, 32, 32, 3, 2, 2, 2] 10.79913
== [448, 1, 32, 32, 3, 2, 2, 2] [100, 20, 32, 32, 3, 2, 2, 2] 10.8308
== [448, 1, 32, 32, 3, 2, 2, 2] [130, 15, 32, 32, 3, 2, 2, 2] 12.11745
== [448, 1, 32, 32, 3, 2, 2, 2] [160, 12, 32, 32, 3, 2, 2, 2] 13.3024
== [448, 1, 32, 32, 3, 2, 2, 2] [190, 10, 32, 32, 3, 2, 2, 2] 14.7395
== [448, 1, 32, 32, 3, 2, 2, 2] [220, 9, 32, 32, 3, 2, 2, 2] 16.0713
== [576, 1, 32, 32, 3, 2, 2, 2] [10, 194, 32, 32, 3, 2, 2, 2] 66.49784
== [576, 1, 32, 32, 3, 2, 2, 2] [40, 48, 32, 32, 3, 2, 2, 2] 13.2432
== [576, 1, 32, 32, 3, 2, 2, 2] [70, 27, 32, 32, 3, 2, 2, 2] 12.13014
== [576, 1, 32, 32, 3, 2, 2, 2] [100, 19, 32, 32, 3, 2, 2, 2] 12.4186
== [576, 1, 32, 32, 3, 2, 2, 2] [130, 14, 32, 32, 3, 2, 2, 2] 13.5383
== [576, 1, 32, 32, 3, 2, 2, 2] [160, 12, 32, 32, 3, 2, 2, 2] 14.8032
== [576, 1, 32, 32, 3, 2, 2, 2] [190, 10, 32, 32, 3, 2, 2, 2] 16.2403
== [576, 1, 32, 32, 3, 2, 2, 2] [220, 8, 32, 32, 3, 2, 2, 2] 17.3994
== [704, 1, 32, 32, 3, 2, 2, 2] [10, 181, 32, 32, 3, 2, 2, 2] 64.92731
== [704, 1, 32, 32, 3, 2, 2, 2] [40, 45, 32, 32, 3, 2, 2, 2] 15.1295
== [704, 1, 32, 32, 3, 2, 2, 2] [70, 25, 32, 32, 3, 2, 2, 2] 13.3089
== [704, 1, 32, 32, 3, 2, 2, 2] [100, 18, 32, 32, 3, 2, 2, 2] 13.8064
== [704, 1, 32, 32, 3, 2, 2, 2] [130, 13, 32, 32, 3, 2, 2, 2] 15.0248
== [704, 1, 32, 32, 3, 2, 2, 2] [160, 11, 32, 32, 3, 2, 2, 2] 16.4528
== [704, 1, 32, 32, 3, 2, 2, 2] [190, 9, 32, 32, 3, 2, 2, 2] 17.78575
== [704, 1, 32, 32, 3, 2, 2, 2] [220, 8, 32, 32, 3, 2, 2, 2] 18.9002
== [832, 1, 32, 32, 3, 2, 2, 2] [10, 168, 32, 32, 3, 2, 2, 2] 62.35768
== [832, 1, 32, 32, 3, 2, 2, 2] [40, 42, 32, 32, 3, 2, 2, 2] 16.17196
== [832, 1, 32, 32, 3, 2, 2, 2] [70, 24, 32, 32, 3, 2, 2, 2] 14.64938
== [832, 1, 32, 32, 3, 2, 2, 2] [100, 16, 32, 32, 3, 2, 2, 2] 15.1702
== [832, 1, 32, 32, 3, 2, 2, 2] [130, 12, 32, 32, 3, 2, 2, 2] 16.4203
== [832, 1, 32, 32, 3, 2, 2, 2] [160, 10, 32, 32, 3, 2, 2, 2] 17.904
== [832, 1, 32, 32, 3, 2, 2, 2] [190, 8, 32, 32, 3, 2, 2, 2] 19.1317
== [832, 1, 32, 32, 3, 2, 2, 2] [220, 7, 32, 32, 3, 2, 2, 2] 20.4593
== [960, 1, 32, 32, 3, 2, 2, 2] [10, 156, 32, 32, 3, 2, 2, 2] 60.10116
== [960, 1, 32, 32, 3, 2, 2, 2] [40, 39, 32, 32, 3, 2, 2, 2] 17.22912
== [960, 1, 32, 32, 3, 2, 2, 2] [70, 22, 32, 32, 3, 2, 2, 2] 16.21244
== [960, 1, 32, 32, 3, 2, 2, 2] [100, 15, 32, 32, 3, 2, 2, 2] 16.829
== [960, 1, 32, 32, 3, 2, 2, 2] [130, 12, 32, 32, 3, 2, 2, 2] 17.9211
== [960, 1, 32, 32, 3, 2, 2, 2] [160, 9, 32, 32, 3, 2, 2, 2] 19.4408
== [960, 1, 32, 32, 3, 2, 2, 2] [190, 8, 32, 32, 3, 2, 2, 2] 20.6325
== [960, 1, 32, 32, 3, 2, 2, 2] [220, 7, 32, 32, 3, 2, 2, 2] 21.9601
== [64, 1, 32, 32, 3, 2, 2, 4] [10, 245, 32, 32, 3, 2, 2, 4] 76.25052
== [64, 1, 32, 32, 3, 2, 2, 4] [40, 61, 32, 32, 3, 2, 2, 4] 9.04752
== [64, 1, 32, 32, 3, 2, 2, 4] [70, 35, 32, 32, 3, 2, 2, 4] 6.36252
== [64, 1, 32, 32, 3, 2, 2, 4] [100, 24, 32, 32, 3, 2, 2, 4] 5.3974
== [64, 1, 32, 32, 3, 2, 2, 4] [130, 18, 32, 32, 3, 2, 2, 4] 5.69872
== [64, 1, 32, 32, 3, 2, 2, 4] [160, 15, 32, 32, 3, 2, 2, 4] 6.36832
== [64, 1, 32, 32, 3, 2, 2, 4] [190, 12, 32, 32, 3, 2, 2, 4] 6.83282
== [64, 1, 32, 32, 3, 2, 2, 4] [220, 11, 32, 32, 3, 2, 2, 4] 7.76772
== [192, 1, 32, 32, 3, 2, 2, 4] [10, 232, 32, 32, 3, 2, 2, 4] 73.69792
== [192, 1, 32, 32, 3, 2, 2, 4] [40, 58, 32, 32, 3, 2, 2, 4] 10.0928
== [192, 1, 32, 32, 3, 2, 2, 4] [70, 33, 32, 32, 3, 2, 2, 4] 7.52496
== [192, 1, 32, 32, 3, 2, 2, 4] [100, 23, 32, 32, 3, 2, 2, 4] 7.11286
== [192, 1, 32, 32, 3, 2, 2, 4] [130, 17, 32, 32, 3, 2, 2, 4] 7.01895
== [192, 1, 32, 32, 3, 2, 2, 4] [160, 14, 32, 32, 3, 2, 2, 4] 7.6304
== [192, 1, 32, 32, 3, 2, 2, 4] [190, 12, 32, 32, 3, 2, 2, 4] 8.2837
== [192, 1, 32, 32, 3, 2, 2, 4] [220, 10, 32, 32, 3, 2, 2, 4] 9.146
== [320, 1, 32, 32, 3, 2, 2, 4] [10, 220, 32, 32, 3, 2, 2, 4] 71.5032
== [320, 1, 32, 32, 3, 2, 2, 4] [40, 55, 32, 32, 3, 2, 2, 4] 11.188
== [320, 1, 32, 32, 3, 2, 2, 4] [70, 31, 32, 32, 3, 2, 2, 4] 9.09537
== [320, 1, 32, 32, 3, 2, 2, 4] [100, 22, 32, 32, 3, 2, 2, 4] 8.43424
== [320, 1, 32, 32, 3, 2, 2, 4] [130, 16, 32, 32, 3, 2, 2, 4] 8.2955
== [320, 1, 32, 32, 3, 2, 2, 4] [160, 13, 32, 32, 3, 2, 2, 4] 9.1144
== [320, 1, 32, 32, 3, 2, 2, 4] [190, 11, 32, 32, 3, 2, 2, 4] 9.9574
== [320, 1, 32, 32, 3, 2, 2, 4] [220, 10, 32, 32, 3, 2, 2, 4] 10.6468
== [448, 1, 32, 32, 3, 2, 2, 4] [10, 207, 32, 32, 3, 2, 2, 4] 69.00052
== [448, 1, 32, 32, 3, 2, 2, 4] [40, 51, 32, 32, 3, 2, 2, 4] 12.148
== [448, 1, 32, 32, 3, 2, 2, 4] [70, 29, 32, 32, 3, 2, 2, 4] 10.28463
== [448, 1, 32, 32, 3, 2, 2, 4] [100, 20, 32, 32, 3, 2, 2, 4] 9.6862
== [448, 1, 32, 32, 3, 2, 2, 4] [130, 15, 32, 32, 3, 2, 2, 4] 9.90355
== [448, 1, 32, 32, 3, 2, 2, 4] [160, 12, 32, 32, 3, 2, 2, 4] 10.4864
== [448, 1, 32, 32, 3, 2, 2, 4] [190, 10, 32, 32, 3, 2, 2, 4] 11.3974
== [448, 1, 32, 32, 3, 2, 2, 4] [220, 9, 32, 32, 3, 2, 2, 4] 12.2015
== [576, 1, 32, 32, 3, 2, 2, 4] [10, 194, 32, 32, 3, 2, 2, 4] 66.49784
== [576, 1, 32, 32, 3, 2, 2, 4] [40, 48, 32, 32, 3, 2, 2, 4] 13.2432
== [576, 1, 32, 32, 3, 2, 2, 4] [70, 27, 32, 32, 3, 2, 2, 4] 11.61564
== [576, 1, 32, 32, 3, 2, 2, 4] [100, 19, 32, 32, 3, 2, 2, 4] 11.19208
== [576, 1, 32, 32, 3, 2, 2, 4] [130, 14, 32, 32, 3, 2, 2, 4] 11.2516
== [576, 1, 32, 32, 3, 2, 2, 4] [160, 12, 32, 32, 3, 2, 2, 4] 11.9872
== [576, 1, 32, 32, 3, 2, 2, 4] [190, 10, 32, 32, 3, 2, 2, 4] 12.8982
== [576, 1, 32, 32, 3, 2, 2, 4] [220, 8, 32, 32, 3, 2, 2, 4] 13.5274
== [704, 1, 32, 32, 3, 2, 2, 4] [10, 181, 32, 32, 3, 2, 2, 4] 64.92731
== [704, 1, 32, 32, 3, 2, 2, 4] [40, 45, 32, 32, 3, 2, 2, 4] 15.1295
== [704, 1, 32, 32, 3, 2, 2, 4] [70, 25, 32, 32, 3, 2, 2, 4] 12.7944
== [704, 1, 32, 32, 3, 2, 2, 4] [100, 18, 32, 32, 3, 2, 2, 4] 12.49796
== [704, 1, 32, 32, 3, 2, 2, 4] [130, 13, 32, 32, 3, 2, 2, 4] 12.7381
== [704, 1, 32, 32, 3, 2, 2, 4] [160, 11, 32, 32, 3, 2, 2, 4] 13.6384
== [704, 1, 32, 32, 3, 2, 2, 4] [190, 9, 32, 32, 3, 2, 2, 4] 14.44365
== [704, 1, 32, 32, 3, 2, 2, 4] [220, 8, 32, 32, 3, 2, 2, 4] 15.0282
== [832, 1, 32, 32, 3, 2, 2, 4] [10, 168, 32, 32, 3, 2, 2, 4] 62.35768
== [832, 1, 32, 32, 3, 2, 2, 4] [40, 42, 32, 32, 3, 2, 2, 4] 16.17196
== [832, 1, 32, 32, 3, 2, 2, 4] [70, 24, 32, 32, 3, 2, 2, 4] 14.13418
== [832, 1, 32, 32, 3, 2, 2, 4] [100, 16, 32, 32, 3, 2, 2, 4] 13.69692
== [832, 1, 32, 32, 3, 2, 2, 4] [130, 12, 32, 32, 3, 2, 2, 4] 14.1323
== [832, 1, 32, 32, 3, 2, 2, 4] [160, 10, 32, 32, 3, 2, 2, 4]== [64, 1, 32, 32, 5, 2, 2, 2] [10, 245, 32, 32, 3, 2, 2, 2] 465.55889
== [64, 1, 32, 32, 5, 2, 2, 2] [40, 61, 32, 32, 3, 2, 2, 2] 75.712085
== [64, 1, 32, 32, 5, 2, 2, 2] [70, 35, 32, 32, 3, 2, 2, 2] 65.45744
== [64, 1, 32, 32, 5, 2, 2, 2] [100, 24, 32, 32, 3, 2, 2, 2] 72.1012
== [64, 1, 32, 32, 5, 2, 2, 2] [130, 18, 32, 32, 3, 2, 2, 2] 82.92268
== [64, 1, 32, 32, 5, 2, 2, 2] [160, 15, 32, 32, 3, 2, 2, 2] 92.36184
== [64, 1, 32, 32, 5, 2, 2, 2] [190, 12, 32, 32, 3, 2, 2, 2] 103.12188
== [64, 1, 32, 32, 5, 2, 2, 2] [220, 11, 32, 32, 3, 2, 2, 2] 113.75324
== [192, 1, 32, 32, 5, 2, 2, 2] [10, 232, 32, 32, 3, 2, 2, 2] 452.8508
== [192, 1, 32, 32, 5, 2, 2, 2] [40, 58, 32, 32, 3, 2, 2, 2] 81.13025
== [192, 1, 32, 32, 5, 2, 2, 2] [70, 33, 32, 32, 3, 2, 2, 2] 72.44737
== [192, 1, 32, 32, 5, 2, 2, 2] [100, 23, 32, 32, 3, 2, 2, 2] 79.7401
== [192, 1, 32, 32, 5, 2, 2, 2] [130, 17, 32, 32, 3, 2, 2, 2] 90.25269
== [192, 1, 32, 32, 5, 2, 2, 2] [160, 14, 32, 32, 3, 2, 2, 2] 99.65588
== [192, 1, 32, 32, 5, 2, 2, 2] [190, 12, 32, 32, 3, 2, 2, 2] 110.45212
== [192, 1, 32, 32, 5, 2, 2, 2] [220, 10, 32, 32, 3, 2, 2, 2] 121.02848
== [320, 1, 32, 32, 5, 2, 2, 2] [10, 220, 32, 32, 3, 2, 2, 2] 448.1322
== [320, 1, 32, 32, 5, 2, 2, 2] [40, 55, 32, 32, 3, 2, 2, 2] 95.961975
== [320, 1, 32, 32, 5, 2, 2, 2] [70, 31, 32, 32, 3, 2, 2, 2] 89.29991
== [320, 1, 32, 32, 5, 2, 2, 2] [100, 22, 32, 32, 3, 2, 2, 2] 96.40124
== [320, 1, 32, 32, 5, 2, 2, 2] [130, 16, 32, 32, 3, 2, 2, 2] 106.70816
== [320, 1, 32, 32, 5, 2, 2, 2] [160, 13, 32, 32, 3, 2, 2, 2] 116.3832
== [320, 1, 32, 32, 5, 2, 2, 2] [190, 11, 32, 32, 3, 2, 2, 2] 127.18714
== [320, 1, 32, 32, 5, 2, 2, 2] [220, 10, 32, 32, 3, 2, 2, 2] 137.688
== [448, 1, 32, 32, 5, 2, 2, 2] [10, 207, 32, 32, 3, 2, 2, 2] 447.45257
== [448, 1, 32, 32, 5, 2, 2, 2] [40, 51, 32, 32, 3, 2, 2, 2] 116.11247
== [448, 1, 32, 32, 5, 2, 2, 2] [70, 29, 32, 32, 3, 2, 2, 2] 111.3549
== [448, 1, 32, 32, 5, 2, 2, 2] [100, 20, 32, 32, 3, 2, 2, 2] 118.6104
== [448, 1, 32, 32, 5, 2, 2, 2] [130, 15, 32, 32, 3, 2, 2, 2] 129.39235
== [448, 1, 32, 32, 5, 2, 2, 2] [160, 12, 32, 32, 3, 2, 2, 2] 138.68544
== [448, 1, 32, 32, 5, 2, 2, 2] [190, 10, 32, 32, 3, 2, 2, 2] 149.6183
== [448, 1, 32, 32, 5, 2, 2, 2] [220, 9, 32, 32, 3, 2, 2, 2] 160.1559
== [576, 1, 32, 32, 5, 2, 2, 2] [10, 194, 32, 32, 3, 2, 2, 2] 442.93678
== [576, 1, 32, 32, 5, 2, 2, 2] [40, 48, 32, 32, 3, 2, 2, 2] 132.5544
== [576, 1, 32, 32, 5, 2, 2, 2] [70, 27, 32, 32, 3, 2, 2, 2] 129.62686
== [576, 1, 32, 32, 5, 2, 2, 2] [100, 19, 32, 32, 3, 2, 2, 2] 137.5349
== [576, 1, 32, 32, 5, 2, 2, 2] [130, 14, 32, 32, 3, 2, 2, 2] 148.00386
== [576, 1, 32, 32, 5, 2, 2, 2] [160, 12, 32, 32, 3, 2, 2, 2] 157.32928
== [576, 1, 32, 32, 5, 2, 2, 2] [190, 10, 32, 32, 3, 2, 2, 2] 168.26214
== [576, 1, 32, 32, 5, 2, 2, 2] [220, 8, 32, 32, 3, 2, 2, 2] 178.73704
== [704, 1, 32, 32, 5, 2, 2, 2] [10, 181, 32, 32, 3, 2, 2, 2] 443.44454
== [704, 1, 32, 32, 5, 2, 2, 2] [40, 45, 32, 32, 3, 2, 2, 2] 156.77341
== [704, 1, 32, 32, 5, 2, 2, 2] [70, 25, 32, 32, 3, 2, 2, 2] 151.06191
== [704, 1, 32, 32, 5, 2, 2, 2] [100, 18, 32, 32, 3, 2, 2, 2] 158.9826
== [704, 1, 32, 32, 5, 2, 2, 2] [130, 13, 32, 32, 3, 2, 2, 2] 169.70154
== [704, 1, 32, 32, 5, 2, 2, 2] [160, 11, 32, 32, 3, 2, 2, 2] 179.0203
== [704, 1, 32, 32, 5, 2, 2, 2] [190, 9, 32, 32, 3, 2, 2, 2] 189.87752
== [704, 1, 32, 32, 5, 2, 2, 2] [220, 8, 32, 32, 3, 2, 2, 2] 200.36456
== [832, 1, 32, 32, 5, 2, 2, 2] [10, 168, 32, 32, 3, 2, 2, 2] 441.76592
== [832, 1, 32, 32, 5, 2, 2, 2] [40, 42, 32, 32, 3, 2, 2, 2] 176.01323
== [832, 1, 32, 32, 5, 2, 2, 2] [70, 24, 32, 32, 3, 2, 2, 2] 172.356
== [832, 1, 32, 32, 5, 2, 2, 2] [100, 16, 32, 32, 3, 2, 2, 2] 180.41784
== [832, 1, 32, 32, 5, 2, 2, 2] [130, 12, 32, 32, 3, 2, 2, 2] 191.13904
== [832, 1, 32, 32, 5, 2, 2, 2] [160, 10, 32, 32, 3, 2, 2, 2] 200.60068
== [832, 1, 32, 32, 5, 2, 2, 2] [190, 8, 32, 32, 3, 2, 2, 2] 211.43732
== [832, 1, 32, 32, 5, 2, 2, 2] [220, 7, 32, 32, 3, 2, 2, 2] 222.07678
== [960, 1, 32, 32, 5, 2, 2, 2] [10, 156, 32, 32, 3, 2, 2, 2] 446.77224
== [960, 1, 32, 32, 5, 2, 2, 2] [40, 39, 32, 32, 3, 2, 2, 2] 196.885645
== [960, 1, 32, 32, 5, 2, 2, 2] [70, 22, 32, 32, 3, 2, 2, 2] 194.2807
== [960, 1, 32, 32, 5, 2, 2, 2] [100, 15, 32, 32, 3, 2, 2, 2] 202.232
== [960, 1, 32, 32, 5, 2, 2, 2] [130, 12, 32, 32, 3, 2, 2, 2] 212.76656
== [960, 1, 32, 32, 5, 2, 2, 2] [160, 9, 32, 32, 3, 2, 2, 2] 222.22066
== [960, 1, 32, 32, 5, 2, 2, 2] [190, 8, 32, 32, 3, 2, 2, 2] 233.06484
== [960, 1, 32, 32, 5, 2, 2, 2] [220, 7, 32, 32, 3, 2, 2, 2] 243.7043
== [64, 1, 32, 32, 5, 2, 2, 4] [10, 245, 32, 32, 3, 2, 2, 4] 465.55889
== [64, 1, 32, 32, 5, 2, 2, 4] [40, 61, 32, 32, 3, 2, 2, 4] 75.712085
== [64, 1, 32, 32, 5, 2, 2, 4] [70, 35, 32, 32, 3, 2, 2, 4] 56.61224
== [64, 1, 32, 32, 5, 2, 2, 4] [100, 24, 32, 32, 3, 2, 2, 4] 55.74876
== [64, 1, 32, 32, 5, 2, 2, 4] [130, 18, 32, 32, 3, 2, 2, 4] 60.81516
== [64, 1, 32, 32, 5, 2, 2, 4] [160, 15, 32, 32, 3, 2, 2, 4] 65.20004
== [64, 1, 32, 32, 5, 2, 2, 4] [190, 12, 32, 32, 3, 2, 2, 4] 70.7274
== [64, 1, 32, 32, 5, 2, 2, 4] [220, 11, 32, 32, 3, 2, 2, 4] 76.24984
== [192, 1, 32, 32, 5, 2, 2, 4] [10, 232, 32, 32, 3, 2, 2, 4] 452.8508
== [192, 1, 32, 32, 5, 2, 2, 4] [40, 58, 32, 32, 3, 2, 2, 4] 81.13025
== [192, 1, 32, 32, 5, 2, 2, 4] [70, 33, 32, 32, 3, 2, 2, 4] 63.25449
== [192, 1, 32, 32, 5, 2, 2, 4] [100, 23, 32, 32, 3, 2, 2, 4] 64.8161
== [192, 1, 32, 32, 5, 2, 2, 4] [130, 17, 32, 32, 3, 2, 2, 4] 68.15349
== [192, 1, 32, 32, 5, 2, 2, 4] [160, 14, 32, 32, 3, 2, 2, 4] 72.43976
== [192, 1, 32, 32, 5, 2, 2, 4] [190, 12, 32, 32, 3, 2, 2, 4] 78.05764
== [192, 1, 32, 32, 5, 2, 2, 4] [220, 10, 32, 32, 3, 2, 2, 4] 83.52068
== [320, 1, 32, 32, 5, 2, 2, 4] [10, 220, 32, 32, 3, 2, 2, 4] 448.1322
== [320, 1, 32, 32, 5, 2, 2, 4] [40, 55, 32, 32, 3, 2, 2, 4] 95.961975
== [320, 1, 32, 32, 5, 2, 2, 4] [70, 31, 32, 32, 3, 2, 2, 4] 81.97119
== [320, 1, 32, 32, 5, 2, 2, 4] [100, 22, 32, 32, 3, 2, 2, 4] 81.15024
== [320, 1, 32, 32, 5, 2, 2, 4] [130, 16, 32, 32, 3, 2, 2, 4] 84.47616
== [320, 1, 32, 32, 5, 2, 2, 4] [160, 13, 32, 32, 3, 2, 2, 4] 89.13768
== [320, 1, 32, 32, 5, 2, 2, 4] [190, 11, 32, 32, 3, 2, 2, 4] 94.80246
== [320, 1, 32, 32, 5, 2, 2, 4] [220, 10, 32, 32, 3, 2, 2, 4] 100.1802
== [448, 1, 32, 32, 5, 2, 2, 4] [10, 207, 32, 32, 3, 2, 2, 4] 447.45257
== [448, 1, 32, 32, 5, 2, 2, 4] [40, 51, 32, 32, 3, 2, 2, 4] 116.11247
== [448, 1, 32, 32, 5, 2, 2, 4] [70, 29, 32, 32, 3, 2, 2, 4] 103.35082
== [448, 1, 32, 32, 5, 2, 2, 4] [100, 20, 32, 32, 3, 2, 2, 4] 102.7054
== [448, 1, 32, 32, 5, 2, 2, 4] [130, 15, 32, 32, 3, 2, 2, 4] 107.02755
== [448, 1, 32, 32, 5, 2, 2, 4] [160, 12, 32, 32, 3, 2, 2, 4] 111.42816
== [448, 1, 32, 32, 5, 2, 2, 4] [190, 10, 32, 32, 3, 2, 2, 4] 117.2297
== [448, 1, 32, 32, 5, 2, 2, 4] [220, 9, 32, 32, 3, 2, 2, 4] 122.6415
== [576, 1, 32, 32, 5, 2, 2, 4] [10, 194, 32, 32, 3, 2, 2, 4] 442.93678
== [576, 1, 32, 32, 5, 2, 2, 4] [40, 48, 32, 32, 3, 2, 2, 4] 132.5544
== [576, 1, 32, 32, 5, 2, 2, 4] [70, 27, 32, 32, 3, 2, 2, 4] 120.94742
== [576, 1, 32, 32, 5, 2, 2, 4] [100, 19, 32, 32, 3, 2, 2, 4] 121.36464
== [576, 1, 32, 32, 5, 2, 2, 4] [130, 14, 32, 32, 3, 2, 2, 4] 125.63682
== [576, 1, 32, 32, 5, 2, 2, 4] [160, 12, 32, 32, 3, 2, 2, 4] 130.072
== [576, 1, 32, 32, 5, 2, 2, 4] [190, 10, 32, 32, 3, 2, 2, 4] 135.87354
== [576, 1, 32, 32, 5, 2, 2, 4] [220, 8, 32, 32, 3, 2, 2, 4] 141.22264
== [704, 1, 32, 32, 5, 2, 2, 4] [10, 181, 32, 32, 3, 2, 2, 4] 443.44454
== [704, 1, 32, 32, 5, 2, 2, 4] [40, 45, 32, 32, 3, 2, 2, 4] 156.77341
== [704, 1, 32, 32, 5, 2, 2, 4] [70, 25, 32, 32, 3, 2, 2, 4] 141.70711
== [704, 1, 32, 32, 5, 2, 2, 4] [100, 18, 32, 32, 3, 2, 2, 4] 142.45888
== [704, 1, 32, 32, 5, 2, 2, 4] [130, 13, 32, 32, 3, 2, 2, 4] 147.28746
== [704, 1, 32, 32, 5, 2, 2, 4] [160, 11, 32, 32, 3, 2, 2, 4] 151.77282
== [704, 1, 32, 32, 5, 2, 2, 4] [190, 9, 32, 32, 3, 2, 2, 4] 157.48304
== [704, 1, 32, 32, 5, 2, 2, 4] [220, 8, 32, 32, 3, 2, 2, 4] 162.85016
== [832, 1, 32, 32, 5, 2, 2, 4] [10, 168, 32, 32, 3, 2, 2, 4] 441.76592
== [832, 1, 32, 32, 5, 2, 2, 4] [40, 42, 32, 32, 3, 2, 2, 4] 176.01323
== [832, 1, 32, 32, 5, 2, 2, 4] [70, 24, 32, 32, 3, 2, 2, 4] 162.66352
== [832, 1, 32, 32, 5, 2, 2, 4] == [64, 1, 32, 32, 3, 2, 2, 2] [10, 245, 32, 32, 3, 2, 2, 2] 807.47446
== [64, 1, 32, 32, 3, 2, 2, 2] [40, 61, 32, 32, 3, 2, 2, 2] 151.41698
== [64, 1, 32, 32, 3, 2, 2, 2] [70, 35, 32, 32, 3, 2, 2, 2] 132.81411
== [64, 1, 32, 32, 3, 2, 2, 2] [100, 24, 32, 32, 3, 2, 2, 2] 126.77584
== [64, 1, 32, 32, 3, 2, 2, 2] [130, 18, 32, 32, 3, 2, 2, 2] 136.9754
== [64, 1, 32, 32, 3, 2, 2, 2] [160, 15, 32, 32, 3, 2, 2, 2] 138.63386
== [64, 1, 32, 32, 3, 2, 2, 2] [190, 12, 32, 32, 3, 2, 2, 2] 149.27684
== [64, 1, 32, 32, 3, 2, 2, 2] [220, 11, 32, 32, 3, 2, 2, 2] 155.86636
== [192, 1, 32, 32, 3, 2, 2, 2] [10, 232, 32, 32, 3, 2, 2, 2] 738.1304
== [192, 1, 32, 32, 3, 2, 2, 2] [40, 58, 32, 32, 3, 2, 2, 2] 113.76852
== [192, 1, 32, 32, 3, 2, 2, 2] [70, 33, 32, 32, 3, 2, 2, 2] 97.68606
== [192, 1, 32, 32, 3, 2, 2, 2] [100, 23, 32, 32, 3, 2, 2, 2] 93.67514
== [192, 1, 32, 32, 3, 2, 2, 2] [130, 17, 32, 32, 3, 2, 2, 2] 103.19933
== [192, 1, 32, 32, 3, 2, 2, 2] [160, 14, 32, 32, 3, 2, 2, 2] 104.52984
== [192, 1, 32, 32, 3, 2, 2, 2] [190, 12, 32, 32, 3, 2, 2, 2] 115.13668
== [192, 1, 32, 32, 3, 2, 2, 2] [220, 10, 32, 32, 3, 2, 2, 2] 121.5568
== [320, 1, 32, 32, 3, 2, 2, 2] [10, 220, 32, 32, 3, 2, 2, 2] 718.6692
== [320, 1, 32, 32, 3, 2, 2, 2] [40, 55, 32, 32, 3, 2, 2, 2] 127.1948
== [320, 1, 32, 32, 3, 2, 2, 2] [70, 31, 32, 32, 3, 2, 2, 2] 116.02071
== [320, 1, 32, 32, 3, 2, 2, 2] [100, 22, 32, 32, 3, 2, 2, 2] 110.10792
== [320, 1, 32, 32, 3, 2, 2, 2] [130, 16, 32, 32, 3, 2, 2, 2] 119.20428
== [320, 1, 32, 32, 3, 2, 2, 2] [160, 13, 32, 32, 3, 2, 2, 2] 121.1065
== [320, 1, 32, 32, 3, 2, 2, 2] [190, 11, 32, 32, 3, 2, 2, 2] 131.81369
== [320, 1, 32, 32, 3, 2, 2, 2] [220, 10, 32, 32, 3, 2, 2, 2] 138.1376
== [448, 1, 32, 32, 3, 2, 2, 2] [10, 207, 32, 32, 3, 2, 2, 2] 695.9021
== [448, 1, 32, 32, 3, 2, 2, 2] [40, 51, 32, 32, 3, 2, 2, 2] 140.7326
== [448, 1, 32, 32, 3, 2, 2, 2] [70, 29, 32, 32, 3, 2, 2, 2] 131.18752
== [448, 1, 32, 32, 3, 2, 2, 2] [100, 20, 32, 32, 3, 2, 2, 2] 125.8064
== [448, 1, 32, 32, 3, 2, 2, 2] [130, 15, 32, 32, 3, 2, 2, 2] 135.8514
== [448, 1, 32, 32, 3, 2, 2, 2] [160, 12, 32, 32, 3, 2, 2, 2] 137.28288
== [448, 1, 32, 32, 3, 2, 2, 2] [190, 10, 32, 32, 3, 2, 2, 2] 147.9382
== [448, 1, 32, 32, 3, 2, 2, 2] [220, 9, 32, 32, 3, 2, 2, 2] 154.46
== [576, 1, 32, 32, 3, 2, 2, 2] [10, 194, 32, 32, 3, 2, 2, 2] 669.42748
== [576, 1, 32, 32, 3, 2, 2, 2] [40, 48, 32, 32, 3, 2, 2, 2] 149.57664
== [576, 1, 32, 32, 3, 2, 2, 2] [70, 27, 32, 32, 3, 2, 2, 2] 143.28216
== [576, 1, 32, 32, 3, 2, 2, 2] [100, 19, 32, 32, 3, 2, 2, 2] 139.03836
== [576, 1, 32, 32, 3, 2, 2, 2] [130, 14, 32, 32, 3, 2, 2, 2] 148.56842
== [576, 1, 32, 32, 3, 2, 2, 2] [160, 12, 32, 32, 3, 2, 2, 2] 149.85376
== [576, 1, 32, 32, 3, 2, 2, 2] [190, 10, 32, 32, 3, 2, 2, 2] 160.50908
== [576, 1, 32, 32, 3, 2, 2, 2] [220, 8, 32, 32, 3, 2, 2, 2] 166.94288
== [704, 1, 32, 32, 3, 2, 2, 2] [10, 181, 32, 32, 3, 2, 2, 2] 669.17122
== [704, 1, 32, 32, 3, 2, 2, 2] [40, 45, 32, 32, 3, 2, 2, 2] 170.78362
== [704, 1, 32, 32, 3, 2, 2, 2] [70, 25, 32, 32, 3, 2, 2, 2] 161.65982
== [704, 1, 32, 32, 3, 2, 2, 2] [100, 18, 32, 32, 3, 2, 2, 2] 157.62812
== [704, 1, 32, 32, 3, 2, 2, 2] [130, 13, 32, 32, 3, 2, 2, 2] 167.88512
== [704, 1, 32, 32, 3, 2, 2, 2] [160, 11, 32, 32, 3, 2, 2, 2] 169.22816
== [704, 1, 32, 32, 3, 2, 2, 2] [190, 9, 32, 32, 3, 2, 2, 2] 179.81768
== [704, 1, 32, 32, 3, 2, 2, 2] [220, 8, 32, 32, 3, 2, 2, 2] 186.22032
== [832, 1, 32, 32, 3, 2, 2, 2] [10, 168, 32, 32, 3, 2, 2, 2] 648.00176
== [832, 1, 32, 32, 3, 2, 2, 2] [40, 42, 32, 32, 3, 2, 2, 2] 186.56708
== [832, 1, 32, 32, 3, 2, 2, 2] [70, 24, 32, 32, 3, 2, 2, 2] 180.09488
== [832, 1, 32, 32, 3, 2, 2, 2] [100, 16, 32, 32, 3, 2, 2, 2] 176.39664
== [832, 1, 32, 32, 3, 2, 2, 2] [130, 12, 32, 32, 3, 2, 2, 2] 186.75924
== [832, 1, 32, 32, 3, 2, 2, 2] [160, 10, 32, 32, 3, 2, 2, 2] 188.37296
== [832, 1, 32, 32, 3, 2, 2, 2] [190, 8, 32, 32, 3, 2, 2, 2] 198.95824
== [832, 1, 32, 32, 3, 2, 2, 2] [220, 7, 32, 32, 3, 2, 2, 2] 205.57476
== [960, 1, 32, 32, 3, 2, 2, 2] [10, 156, 32, 32, 3, 2, 2, 2] 644.79
== [960, 1, 32, 32, 3, 2, 2, 2] [40, 39, 32, 32, 3, 2, 2, 2] 200.08668
== [960, 1, 32, 32, 3, 2, 2, 2] [70, 22, 32, 32, 3, 2, 2, 2] 196.87308
== [960, 1, 32, 32, 3, 2, 2, 2] [100, 15, 32, 32, 3, 2, 2, 2] 192.7285
== [960, 1, 32, 32, 3, 2, 2, 2] [130, 12, 32, 32, 3, 2, 2, 2] 202.53748
== [960, 1, 32, 32, 3, 2, 2, 2] [160, 9, 32, 32, 3, 2, 2, 2] 204.17476
== [960, 1, 32, 32, 3, 2, 2, 2] [190, 8, 32, 32, 3, 2, 2, 2] 214.73648
== [960, 1, 32, 32, 3, 2, 2, 2] [220, 7, 32, 32, 3, 2, 2, 2] 221.353
== [64, 1, 32, 32, 3, 2, 2, 4] [10, 245, 32, 32, 3, 2, 2, 4] 807.47446
== [64, 1, 32, 32, 3, 2, 2, 4] [40, 61, 32, 32, 3, 2, 2, 4] 151.41698
== [64, 1, 32, 32, 3, 2, 2, 4] [70, 35, 32, 32, 3, 2, 2, 4] 118.67691
== [64, 1, 32, 32, 3, 2, 2, 4] [100, 24, 32, 32, 3, 2, 2, 4] 112.6384
== [64, 1, 32, 32, 3, 2, 2, 4] [130, 18, 32, 32, 3, 2, 2, 4] 117.03856
== [64, 1, 32, 32, 3, 2, 2, 4] [160, 15, 32, 32, 3, 2, 2, 4] 115.86146
== [64, 1, 32, 32, 3, 2, 2, 4] [190, 12, 32, 32, 3, 2, 2, 4] 120.37068
== [64, 1, 32, 32, 3, 2, 2, 4] [220, 11, 32, 32, 3, 2, 2, 4] 123.93358
== [192, 1, 32, 32, 3, 2, 2, 4] [10, 232, 32, 32, 3, 2, 2, 4] 738.1304
== [192, 1, 32, 32, 3, 2, 2, 4] [40, 58, 32, 32, 3, 2, 2, 4] 113.76852
== [192, 1, 32, 32, 3, 2, 2, 4] [70, 33, 32, 32, 3, 2, 2, 4] 83.45478
== [192, 1, 32, 32, 3, 2, 2, 4] [100, 23, 32, 32, 3, 2, 2, 4] 79.56122
== [192, 1, 32, 32, 3, 2, 2, 4] [130, 17, 32, 32, 3, 2, 2, 4] 82.91077
== [192, 1, 32, 32, 3, 2, 2, 4] [160, 14, 32, 32, 3, 2, 2, 4] 81.53976
== [192, 1, 32, 32, 3, 2, 2, 4] [190, 12, 32, 32, 3, 2, 2, 4] 86.23052
== [192, 1, 32, 32, 3, 2, 2, 4] [220, 10, 32, 32, 3, 2, 2, 4] 89.552
== [320, 1, 32, 32, 3, 2, 2, 4] [10, 220, 32, 32, 3, 2, 2, 4] 718.6692
== [320, 1, 32, 32, 3, 2, 2, 4] [40, 55, 32, 32, 3, 2, 2, 4] 127.1948
== [320, 1, 32, 32, 3, 2, 2, 4] [70, 31, 32, 32, 3, 2, 2, 4] 105.04791
== [320, 1, 32, 32, 3, 2, 2, 4] [100, 22, 32, 32, 3, 2, 2, 4] 95.86504
== [320, 1, 32, 32, 3, 2, 2, 4] [130, 16, 32, 32, 3, 2, 2, 4] 98.57576
== [320, 1, 32, 32, 3, 2, 2, 4] [160, 13, 32, 32, 3, 2, 2, 4] 98.35866
== [320, 1, 32, 32, 3, 2, 2, 4] [190, 11, 32, 32, 3, 2, 2, 4] 103.24825
== [320, 1, 32, 32, 3, 2, 2, 4] [220, 10, 32, 32, 3, 2, 2, 4] 106.1328
== [448, 1, 32, 32, 3, 2, 2, 4] [10, 207, 32, 32, 3, 2, 2, 4] 695.9021
== [448, 1, 32, 32, 3, 2, 2, 4] [40, 51, 32, 32, 3, 2, 2, 4] 140.7326
== [448, 1, 32, 32, 3, 2, 2, 4] [70, 29, 32, 32, 3, 2, 2, 4] 119.74592
== [448, 1, 32, 32, 3, 2, 2, 4] [100, 20, 32, 32, 3, 2, 2, 4] 111.6192
== [448, 1, 32, 32, 3, 2, 2, 4] [130, 15, 32, 32, 3, 2, 2, 4] 115.5635
== [448, 1, 32, 32, 3, 2, 2, 4] [160, 12, 32, 32, 3, 2, 2, 4] 113.98432
== [448, 1, 32, 32, 3, 2, 2, 4] [190, 10, 32, 32, 3, 2, 2, 4] 119.3074
== [448, 1, 32, 32, 3, 2, 2, 4] [220, 9, 32, 32, 3, 2, 2, 4] 122.28322
== [576, 1, 32, 32, 3, 2, 2, 4] [10, 194, 32, 32, 3, 2, 2, 4] 669.42748
== [576, 1, 32, 32, 3, 2, 2, 4] [40, 48, 32, 32, 3, 2, 2, 4] 149.57664
== [576, 1, 32, 32, 3, 2, 2, 4] [70, 27, 32, 32, 3, 2, 2, 4] 131.37176
== [576, 1, 32, 32, 3, 2, 2, 4] [100, 19, 32, 32, 3, 2, 2, 4] 124.70652
== [576, 1, 32, 32, 3, 2, 2, 4] [130, 14, 32, 32, 3, 2, 2, 4] 127.90266
== [576, 1, 32, 32, 3, 2, 2, 4] [160, 12, 32, 32, 3, 2, 2, 4] 126.5552
== [576, 1, 32, 32, 3, 2, 2, 4] [190, 10, 32, 32, 3, 2, 2, 4] 131.87828
== [576, 1, 32, 32, 3, 2, 2, 4] [220, 8, 32, 32, 3, 2, 2, 4] 134.70476
== [704, 1, 32, 32, 3, 2, 2, 4] [10, 181, 32, 32, 3, 2, 2, 4] 669.17122
== [704, 1, 32, 32, 3, 2, 2, 4] [40, 45, 32, 32, 3, 2, 2, 4] 170.78362
== [704, 1, 32, 32, 3, 2, 2, 4] [70, 25, 32, 32, 3, 2, 2, 4] 149.28062
== [704, 1, 32, 32, 3, 2, 2, 4] [100, 18, 32, 32, 3, 2, 2, 4] 143.15164
== [704, 1, 32, 32, 3, 2, 2, 4] [130, 13, 32, 32, 3, 2, 2, 4] 147.37164
== [704, 1, 32, 32, 3, 2, 2, 4] [160, 11, 32, 32, 3, 2, 2, 4] 146.27032
== [704, 1, 32, 32, 3, 2, 2, 4] [190, 9, 32, 32, 3, 2, 2, 4] 151.00824
== [704, 1, 32, 32, 3, 2, 2, 4] [220, 8, 32, 32, 3, 2, 2, 4] 153.9822
== [832, 1, 32, 32, 3, 2, 2, 4] [10, 168, 32, 32, 3, 2, 2, 4] 648.00176
== [832, 1, 32, 32, 3, 2, 2, 4] [40, 42, 32, 32, 3, 2, 2, 4] 186.56708
== [832, 1, 32, 32, 3, 2, 2, 4] [70, 24, 32, 32, 3, 2, 2, 4] 167.48128
== [832, 1, 32, 32, 3, 2, 2, 4]== [64, 1, 32, 32, 5, 2, 2, 2] [10, 245, 32, 32, 3, 2, 2, 2] 699.39528
== [64, 1, 32, 32, 5, 2, 2, 2] [40, 61, 32, 32, 3, 2, 2, 2] 165.577215
== [64, 1, 32, 32, 5, 2, 2, 2] [70, 35, 32, 32, 3, 2, 2, 2] 151.47693
== [64, 1, 32, 32, 5, 2, 2, 2] [100, 24, 32, 32, 3, 2, 2, 2] 149.73176
== [64, 1, 32, 32, 5, 2, 2, 2] [130, 18, 32, 32, 3, 2, 2, 2] 159.72356
== [64, 1, 32, 32, 5, 2, 2, 2] [160, 15, 32, 32, 3, 2, 2, 2] 170.80978
== [64, 1, 32, 32, 5, 2, 2, 2] [190, 12, 32, 32, 3, 2, 2, 2] 183.01936
== [64, 1, 32, 32, 5, 2, 2, 2] [220, 11, 32, 32, 3, 2, 2, 2] 190.70858
== [192, 1, 32, 32, 5, 2, 2, 2] [10, 232, 32, 32, 3, 2, 2, 2] 636.33984
== [192, 1, 32, 32, 5, 2, 2, 2] [40, 58, 32, 32, 3, 2, 2, 2] 124.67602
== [192, 1, 32, 32, 5, 2, 2, 2] [70, 33, 32, 32, 3, 2, 2, 2] 111.5776
== [192, 1, 32, 32, 5, 2, 2, 2] [100, 23, 32, 32, 3, 2, 2, 2] 111.6692
== [192, 1, 32, 32, 5, 2, 2, 2] [130, 17, 32, 32, 3, 2, 2, 2] 121.13678
== [192, 1, 32, 32, 5, 2, 2, 2] [160, 14, 32, 32, 3, 2, 2, 2] 132.05868
== [192, 1, 32, 32, 5, 2, 2, 2] [190, 12, 32, 32, 3, 2, 2, 2] 144.20016
== [192, 1, 32, 32, 5, 2, 2, 2] [220, 10, 32, 32, 3, 2, 2, 2] 151.88168
== [320, 1, 32, 32, 5, 2, 2, 2] [10, 220, 32, 32, 3, 2, 2, 2] 624.134
== [320, 1, 32, 32, 5, 2, 2, 2] [40, 55, 32, 32, 3, 2, 2, 2] 134.51575
== [320, 1, 32, 32, 5, 2, 2, 2] [70, 31, 32, 32, 3, 2, 2, 2] 124.73952
== [320, 1, 32, 32, 5, 2, 2, 2] [100, 22, 32, 32, 3, 2, 2, 2] 124.09132
== [320, 1, 32, 32, 5, 2, 2, 2] [130, 16, 32, 32, 3, 2, 2, 2] 133.45128
== [320, 1, 32, 32, 5, 2, 2, 2] [160, 13, 32, 32, 3, 2, 2, 2] 144.7239
== [320, 1, 32, 32, 5, 2, 2, 2] [190, 11, 32, 32, 3, 2, 2, 2] 157.19906
== [320, 1, 32, 32, 5, 2, 2, 2] [220, 10, 32, 32, 3, 2, 2, 2] 164.6244
== [448, 1, 32, 32, 5, 2, 2, 2] [10, 207, 32, 32, 3, 2, 2, 2] 612.82886
== [448, 1, 32, 32, 5, 2, 2, 2] [40, 51, 32, 32, 3, 2, 2, 2] 152.811635
== [448, 1, 32, 32, 5, 2, 2, 2] [70, 29, 32, 32, 3, 2, 2, 2] 145.19986
== [448, 1, 32, 32, 5, 2, 2, 2] [100, 20, 32, 32, 3, 2, 2, 2] 145.17872
== [448, 1, 32, 32, 5, 2, 2, 2] [130, 15, 32, 32, 3, 2, 2, 2] 155.01207
== [448, 1, 32, 32, 5, 2, 2, 2] [160, 12, 32, 32, 3, 2, 2, 2] 165.9632
== [448, 1, 32, 32, 5, 2, 2, 2] [190, 10, 32, 32, 3, 2, 2, 2] 178.58892
== [448, 1, 32, 32, 5, 2, 2, 2] [220, 9, 32, 32, 3, 2, 2, 2] 185.95582
== [576, 1, 32, 32, 5, 2, 2, 2] [10, 194, 32, 32, 3, 2, 2, 2] 589.03508
== [576, 1, 32, 32, 5, 2, 2, 2] [40, 48, 32, 32, 3, 2, 2, 2] 158.4192
== [576, 1, 32, 32, 5, 2, 2, 2] [70, 27, 32, 32, 3, 2, 2, 2] 153.44302
== [576, 1, 32, 32, 5, 2, 2, 2] [100, 19, 32, 32, 3, 2, 2, 2] 154.6405
== [576, 1, 32, 32, 5, 2, 2, 2] [130, 14, 32, 32, 3, 2, 2, 2] 163.9713
== [576, 1, 32, 32, 5, 2, 2, 2] [160, 12, 32, 32, 3, 2, 2, 2] 174.86208
== [576, 1, 32, 32, 5, 2, 2, 2] [190, 10, 32, 32, 3, 2, 2, 2] 187.4878
== [576, 1, 32, 32, 5, 2, 2, 2] [220, 8, 32, 32, 3, 2, 2, 2] 194.6468
== [704, 1, 32, 32, 5, 2, 2, 2] [10, 181, 32, 32, 3, 2, 2, 2] 606.13894
== [704, 1, 32, 32, 5, 2, 2, 2] [40, 45, 32, 32, 3, 2, 2, 2] 182.288275
== [704, 1, 32, 32, 5, 2, 2, 2] [70, 25, 32, 32, 3, 2, 2, 2] 175.46995
== [704, 1, 32, 32, 5, 2, 2, 2] [100, 18, 32, 32, 3, 2, 2, 2] 176.6582
== [704, 1, 32, 32, 5, 2, 2, 2] [130, 13, 32, 32, 3, 2, 2, 2] 186.37995
== [704, 1, 32, 32, 5, 2, 2, 2] [160, 11, 32, 32, 3, 2, 2, 2] 197.58506
== [704, 1, 32, 32, 5, 2, 2, 2] [190, 9, 32, 32, 3, 2, 2, 2] 209.88946
== [704, 1, 32, 32, 5, 2, 2, 2] [220, 8, 32, 32, 3, 2, 2, 2] 217.1268
== [832, 1, 32, 32, 5, 2, 2, 2] [10, 168, 32, 32, 3, 2, 2, 2] 593.96432
== [832, 1, 32, 32, 5, 2, 2, 2] [40, 42, 32, 32, 3, 2, 2, 2] 201.79478
== [832, 1, 32, 32, 5, 2, 2, 2] [70, 24, 32, 32, 3, 2, 2, 2] 197.10192
== [832, 1, 32, 32, 5, 2, 2, 2] [100, 16, 32, 32, 3, 2, 2, 2] 198.8604
== [832, 1, 32, 32, 5, 2, 2, 2] [130, 12, 32, 32, 3, 2, 2, 2] 208.72368
== [832, 1, 32, 32, 5, 2, 2, 2] [160, 10, 32, 32, 3, 2, 2, 2] 220.0628
== [832, 1, 32, 32, 5, 2, 2, 2] [190, 8, 32, 32, 3, 2, 2, 2] 232.16268
== [832, 1, 32, 32, 5, 2, 2, 2] [220, 7, 32, 32, 3, 2, 2, 2] 239.7685
== [960, 1, 32, 32, 5, 2, 2, 2] [10, 156, 32, 32, 3, 2, 2, 2] 596.83872
== [960, 1, 32, 32, 5, 2, 2, 2] [40, 39, 32, 32, 3, 2, 2, 2] 225.434595
== [960, 1, 32, 32, 5, 2, 2, 2] [70, 22, 32, 32, 3, 2, 2, 2] 220.56568
== [960, 1, 32, 32, 5, 2, 2, 2] [100, 15, 32, 32, 3, 2, 2, 2] 221.5063
== [960, 1, 32, 32, 5, 2, 2, 2] [130, 12, 32, 32, 3, 2, 2, 2] 231.20368
== [960, 1, 32, 32, 5, 2, 2, 2] [160, 9, 32, 32, 3, 2, 2, 2] 242.47626
== [960, 1, 32, 32, 5, 2, 2, 2] [190, 8, 32, 32, 3, 2, 2, 2] 254.64268
== [960, 1, 32, 32, 5, 2, 2, 2] [220, 7, 32, 32, 3, 2, 2, 2] 262.2485
== [64, 1, 32, 32, 5, 2, 2, 4] [10, 245, 32, 32, 3, 2, 2, 4] 699.39528
== [64, 1, 32, 32, 5, 2, 2, 4] [40, 61, 32, 32, 3, 2, 2, 4] 165.577215
== [64, 1, 32, 32, 5, 2, 2, 4] [70, 35, 32, 32, 3, 2, 2, 4] 141.44173
== [64, 1, 32, 32, 5, 2, 2, 4] [100, 24, 32, 32, 3, 2, 2, 4] 134.62736
== [64, 1, 32, 32, 5, 2, 2, 4] [130, 18, 32, 32, 3, 2, 2, 4] 138.43196
== [64, 1, 32, 32, 5, 2, 2, 4] [160, 15, 32, 32, 3, 2, 2, 4] 143.39318
== [64, 1, 32, 32, 5, 2, 2, 4] [190, 12, 32, 32, 3, 2, 2, 4] 149.8497
== [64, 1, 32, 32, 5, 2, 2, 4] [220, 11, 32, 32, 3, 2, 2, 4] 152.37402
== [192, 1, 32, 32, 5, 2, 2, 4] [10, 232, 32, 32, 3, 2, 2, 4] 636.33984
== [192, 1, 32, 32, 5, 2, 2, 4] [40, 58, 32, 32, 3, 2, 2, 4] 124.67602
== [192, 1, 32, 32, 5, 2, 2, 4] [70, 33, 32, 32, 3, 2, 2, 4] 101.33504
== [192, 1, 32, 32, 5, 2, 2, 4] [100, 23, 32, 32, 3, 2, 2, 4] 97.75784
== [192, 1, 32, 32, 5, 2, 2, 4] [130, 17, 32, 32, 3, 2, 2, 4] 100.24878
== [192, 1, 32, 32, 5, 2, 2, 4] [160, 14, 32, 32, 3, 2, 2, 4] 104.67124
== [192, 1, 32, 32, 5, 2, 2, 4] [190, 12, 32, 32, 3, 2, 2, 4] 111.0305
== [192, 1, 32, 32, 5, 2, 2, 4] [220, 10, 32, 32, 3, 2, 2, 4] 113.54588
== [320, 1, 32, 32, 5, 2, 2, 4] [10, 220, 32, 32, 3, 2, 2, 4] 624.134
== [320, 1, 32, 32, 5, 2, 2, 4] [40, 55, 32, 32, 3, 2, 2, 4] 134.51575
== [320, 1, 32, 32, 5, 2, 2, 4] [70, 31, 32, 32, 3, 2, 2, 4] 116.50144
== [320, 1, 32, 32, 5, 2, 2, 4] [100, 22, 32, 32, 3, 2, 2, 4] 109.79828
== [320, 1, 32, 32, 5, 2, 2, 4] [130, 16, 32, 32, 3, 2, 2, 4] 112.112
== [320, 1, 32, 32, 5, 2, 2, 4] [160, 13, 32, 32, 3, 2, 2, 4] 117.29708
== [320, 1, 32, 32, 5, 2, 2, 4] [190, 11, 32, 32, 3, 2, 2, 4] 124.06076
== [320, 1, 32, 32, 5, 2, 2, 4] [220, 10, 32, 32, 3, 2, 2, 4] 126.2886
== [448, 1, 32, 32, 5, 2, 2, 4] [10, 207, 32, 32, 3, 2, 2, 4] 612.82886
== [448, 1, 32, 32, 5, 2, 2, 4] [40, 51, 32, 32, 3, 2, 2, 4] 152.811635
== [448, 1, 32, 32, 5, 2, 2, 4] [70, 29, 32, 32, 3, 2, 2, 4] 136.42674
== [448, 1, 32, 32, 5, 2, 2, 4] [100, 20, 32, 32, 3, 2, 2, 4] 130.12232
== [448, 1, 32, 32, 5, 2, 2, 4] [130, 15, 32, 32, 3, 2, 2, 4] 133.49787
== [448, 1, 32, 32, 5, 2, 2, 4] [160, 12, 32, 32, 3, 2, 2, 4] 138.33352
== [448, 1, 32, 32, 5, 2, 2, 4] [190, 10, 32, 32, 3, 2, 2, 4] 145.45062
== [448, 1, 32, 32, 5, 2, 2, 4] [220, 9, 32, 32, 3, 2, 2, 4] 147.66046
== [576, 1, 32, 32, 5, 2, 2, 4] [10, 194, 32, 32, 3, 2, 2, 4] 589.03508
== [576, 1, 32, 32, 5, 2, 2, 4] [40, 48, 32, 32, 3, 2, 2, 4] 158.4192
== [576, 1, 32, 32, 5, 2, 2, 4] [70, 27, 32, 32, 3, 2, 2, 4] 144.13486
== [576, 1, 32, 32, 5, 2, 2, 4] [100, 19, 32, 32, 3, 2, 2, 4] 139.6738
== [576, 1, 32, 32, 5, 2, 2, 4] [130, 14, 32, 32, 3, 2, 2, 4] 142.6961
== [576, 1, 32, 32, 5, 2, 2, 4] [160, 12, 32, 32, 3, 2, 2, 4] 147.2324
== [576, 1, 32, 32, 5, 2, 2, 4] [190, 10, 32, 32, 3, 2, 2, 4] 154.3495
== [576, 1, 32, 32, 5, 2, 2, 4] [220, 8, 32, 32, 3, 2, 2, 4] 156.2978
== [704, 1, 32, 32, 5, 2, 2, 4] [10, 181, 32, 32, 3, 2, 2, 4] 606.13894
== [704, 1, 32, 32, 5, 2, 2, 4] [40, 45, 32, 32, 3, 2, 2, 4] 182.288275
== [704, 1, 32, 32, 5, 2, 2, 4] [70, 25, 32, 32, 3, 2, 2, 4] 165.62675
== [704, 1, 32, 32, 5, 2, 2, 4] [100, 18, 32, 32, 3, 2, 2, 4] 161.2128
== [704, 1, 32, 32, 5, 2, 2, 4] [130, 13, 32, 32, 3, 2, 2, 4] 165.00795
== [704, 1, 32, 32, 5, 2, 2, 4] [160, 11, 32, 32, 3, 2, 2, 4] 170.02202
== [704, 1, 32, 32, 5, 2, 2, 4] [190, 9, 32, 32, 3, 2, 2, 4] 176.79036
== [704, 1, 32, 32, 5, 2, 2, 4] [220, 8, 32, 32, 3, 2, 2, 4] 178.7778
== [832, 1, 32, 32, 5, 2, 2, 4] [10, 168, 32, 32, 3, 2, 2, 4] 593.96432
== [832, 1, 32, 32, 5, 2, 2, 4] [40, 42, 32, 32, 3, 2, 2, 4] 201.79478
== [832, 1, 32, 32, 5, 2, 2, 4] [70, 24, 32, 32, 3, 2, 2, 4] 186.9912
== 15.0896
== [832, 1, 32, 32, 3, 2, 2, 4] [190, 8, 32, 32, 3, 2, 2, 4] 15.7877
== [832, 1, 32, 32, 3, 2, 2, 4] [220, 7, 32, 32, 3, 2, 2, 4] 16.5895
== [960, 1, 32, 32, 3, 2, 2, 4] [10, 156, 32, 32, 3, 2, 2, 4] 60.10116
== [960, 1, 32, 32, 3, 2, 2, 4] [40, 39, 32, 32, 3, 2, 2, 4] 17.21442
== [960, 1, 32, 32, 3, 2, 2, 4] [70, 22, 32, 32, 3, 2, 2, 4] 15.83024
== [960, 1, 32, 32, 3, 2, 2, 4] [100, 15, 32, 32, 3, 2, 2, 4] 15.2748
== [960, 1, 32, 32, 3, 2, 2, 4] [130, 12, 32, 32, 3, 2, 2, 4] 15.6331
== [960, 1, 32, 32, 3, 2, 2, 4] [160, 9, 32, 32, 3, 2, 2, 4] 16.6264
== [960, 1, 32, 32, 3, 2, 2, 4] [190, 8, 32, 32, 3, 2, 2, 4] 17.2885
== [960, 1, 32, 32, 3, 2, 2, 4] [220, 7, 32, 32, 3, 2, 2, 4] 18.0903
== [64, 1, 32, 32, 3, 2, 2, 6] [10, 245, 32, 32, 3, 2, 2, 6] 76.25052
== [64, 1, 32, 32, 3, 2, 2, 6] [40, 61, 32, 32, 3, 2, 2, 6] 9.04752
== [64, 1, 32, 32, 3, 2, 2, 6] [70, 35, 32, 32, 3, 2, 2, 6] 6.36252
== [64, 1, 32, 32, 3, 2, 2, 6] [100, 24, 32, 32, 3, 2, 2, 6] 5.152399999999999
== [64, 1, 32, 32, 3, 2, 2, 6] [130, 18, 32, 32, 3, 2, 2, 6] 5.380219999999999
== [64, 1, 32, 32, 3, 2, 2, 6] [160, 15, 32, 32, 3, 2, 2, 6] 5.9763199999999985
== [64, 1, 32, 32, 3, 2, 2, 6] [190, 12, 32, 32, 3, 2, 2, 6] 6.063319999999999
== [64, 1, 32, 32, 3, 2, 2, 6] [220, 11, 32, 32, 3, 2, 2, 6] 6.71832
== [192, 1, 32, 32, 3, 2, 2, 6] [10, 232, 32, 32, 3, 2, 2, 6] 73.69792
== [192, 1, 32, 32, 3, 2, 2, 6] [40, 58, 32, 32, 3, 2, 2, 6] 10.0928
== [192, 1, 32, 32, 3, 2, 2, 6] [70, 33, 32, 32, 3, 2, 2, 6] 7.49556
== [192, 1, 32, 32, 3, 2, 2, 6] [100, 23, 32, 32, 3, 2, 2, 6] 7.05406
== [192, 1, 32, 32, 3, 2, 2, 6] [130, 17, 32, 32, 3, 2, 2, 6] 6.700449999999999
== [192, 1, 32, 32, 3, 2, 2, 6] [160, 14, 32, 32, 3, 2, 2, 6] 7.212799999999999
== [192, 1, 32, 32, 3, 2, 2, 6] [190, 12, 32, 32, 3, 2, 2, 6] 7.514199999999999
== [192, 1, 32, 32, 3, 2, 2, 6] [220, 10, 32, 32, 3, 2, 2, 6] 7.9382
== [320, 1, 32, 32, 3, 2, 2, 6] [10, 220, 32, 32, 3, 2, 2, 6] 71.5032
== [320, 1, 32, 32, 3, 2, 2, 6] [40, 55, 32, 32, 3, 2, 2, 6] 11.188
== [320, 1, 32, 32, 3, 2, 2, 6] [70, 31, 32, 32, 3, 2, 2, 6] 9.03657
== [320, 1, 32, 32, 3, 2, 2, 6] [100, 22, 32, 32, 3, 2, 2, 6] 8.34604
== [320, 1, 32, 32, 3, 2, 2, 6] [130, 16, 32, 32, 3, 2, 2, 6] 7.9769999999999985
== [320, 1, 32, 32, 3, 2, 2, 6] [160, 13, 32, 32, 3, 2, 2, 6] 8.581599999999998
== [320, 1, 32, 32, 3, 2, 2, 6] [190, 11, 32, 32, 3, 2, 2, 6] 9.051099999999998
== [320, 1, 32, 32, 3, 2, 2, 6] [220, 10, 32, 32, 3, 2, 2, 6] 9.439
== [448, 1, 32, 32, 3, 2, 2, 6] [10, 207, 32, 32, 3, 2, 2, 6] 69.00052
== [448, 1, 32, 32, 3, 2, 2, 6] [40, 51, 32, 32, 3, 2, 2, 6] 12.148
== [448, 1, 32, 32, 3, 2, 2, 6] [70, 29, 32, 32, 3, 2, 2, 6] 10.19643
== [448, 1, 32, 32, 3, 2, 2, 6] [100, 20, 32, 32, 3, 2, 2, 6] 9.5392
== [448, 1, 32, 32, 3, 2, 2, 6] [130, 15, 32, 32, 3, 2, 2, 6] 9.585049999999999
== [448, 1, 32, 32, 3, 2, 2, 6] [160, 12, 32, 32, 3, 2, 2, 6] 9.838399999999998
== [448, 1, 32, 32, 3, 2, 2, 6] [190, 10, 32, 32, 3, 2, 2, 6] 10.354299999999999
== [448, 1, 32, 32, 3, 2, 2, 6] [220, 9, 32, 32, 3, 2, 2, 6] 10.911566666666666
== [576, 1, 32, 32, 3, 2, 2, 6] [10, 194, 32, 32, 3, 2, 2, 6] 66.49784
== [576, 1, 32, 32, 3, 2, 2, 6] [40, 48, 32, 32, 3, 2, 2, 6] 13.2432
== [576, 1, 32, 32, 3, 2, 2, 6] [70, 27, 32, 32, 3, 2, 2, 6] 11.49804
== [576, 1, 32, 32, 3, 2, 2, 6] [100, 19, 32, 32, 3, 2, 2, 6] 11.01568
== [576, 1, 32, 32, 3, 2, 2, 6] [130, 14, 32, 32, 3, 2, 2, 6] 10.9123
== [576, 1, 32, 32, 3, 2, 2, 6] [160, 12, 32, 32, 3, 2, 2, 6] 11.3392
== [576, 1, 32, 32, 3, 2, 2, 6] [190, 10, 32, 32, 3, 2, 2, 6] 11.8551
== [576, 1, 32, 32, 3, 2, 2, 6] [220, 8, 32, 32, 3, 2, 2, 6] 12.237466666666664
== [704, 1, 32, 32, 3, 2, 2, 6] [10, 181, 32, 32, 3, 2, 2, 6] 64.92731
== [704, 1, 32, 32, 3, 2, 2, 6] [40, 45, 32, 32, 3, 2, 2, 6] 15.1295
== [704, 1, 32, 32, 3, 2, 2, 6] [70, 25, 32, 32, 3, 2, 2, 6] 12.6474
== [704, 1, 32, 32, 3, 2, 2, 6] [100, 18, 32, 32, 3, 2, 2, 6] 12.29216
== [704, 1, 32, 32, 3, 2, 2, 6] [130, 13, 32, 32, 3, 2, 2, 6] 12.3052
== [704, 1, 32, 32, 3, 2, 2, 6] [160, 11, 32, 32, 3, 2, 2, 6] 12.8752
== [704, 1, 32, 32, 3, 2, 2, 6] [190, 9, 32, 32, 3, 2, 2, 6] 13.329616666666665
== [704, 1, 32, 32, 3, 2, 2, 6] [220, 8, 32, 32, 3, 2, 2, 6] 13.738266666666664
== [832, 1, 32, 32, 3, 2, 2, 6] [10, 168, 32, 32, 3, 2, 2, 6] 62.35768
== [832, 1, 32, 32, 3, 2, 2, 6] [40, 42, 32, 32, 3, 2, 2, 6] 16.17196
== [832, 1, 32, 32, 3, 2, 2, 6] [70, 24, 32, 32, 3, 2, 2, 6] 13.97248
== [832, 1, 32, 32, 3, 2, 2, 6] [100, 16, 32, 32, 3, 2, 2, 6] 13.45192
== [832, 1, 32, 32, 3, 2, 2, 6] [130, 12, 32, 32, 3, 2, 2, 6] 13.6058
== [832, 1, 32, 32, 3, 2, 2, 6] [160, 10, 32, 32, 3, 2, 2, 6] 14.2112
== [832, 1, 32, 32, 3, 2, 2, 6] [190, 8, 32, 32, 3, 2, 2, 6] 14.673666666666666
== [832, 1, 32, 32, 3, 2, 2, 6] [220, 7, 32, 32, 3, 2, 2, 6] 15.299566666666665
== [960, 1, 32, 32, 3, 2, 2, 6] [10, 156, 32, 32, 3, 2, 2, 6] 60.10116
== [960, 1, 32, 32, 3, 2, 2, 6] [40, 39, 32, 32, 3, 2, 2, 6] 17.21442
== [960, 1, 32, 32, 3, 2, 2, 6] [70, 22, 32, 32, 3, 2, 2, 6] 15.83024
== [960, 1, 32, 32, 3, 2, 2, 6] [100, 15, 32, 32, 3, 2, 2, 6] 15.0298
== [960, 1, 32, 32, 3, 2, 2, 6] [130, 12, 32, 32, 3, 2, 2, 6] 15.1066
== [960, 1, 32, 32, 3, 2, 2, 6] [160, 9, 32, 32, 3, 2, 2, 6] 15.688266666666665
== [960, 1, 32, 32, 3, 2, 2, 6] [190, 8, 32, 32, 3, 2, 2, 6] 16.174466666666664
== [960, 1, 32, 32, 3, 2, 2, 6] [220, 7, 32, 32, 3, 2, 2, 6] 16.800366666666665
== [64, 1, 32, 32, 3, 2, 2, 8] [10, 245, 32, 32, 3, 2, 2, 8] 76.25052
== [64, 1, 32, 32, 3, 2, 2, 8] [40, 61, 32, 32, 3, 2, 2, 8] 9.04752
== [64, 1, 32, 32, 3, 2, 2, 8] [70, 35, 32, 32, 3, 2, 2, 8] 6.36252
== [64, 1, 32, 32, 3, 2, 2, 8] [100, 24, 32, 32, 3, 2, 2, 8] 5.0299
== [64, 1, 32, 32, 3, 2, 2, 8] [130, 18, 32, 32, 3, 2, 2, 8] 5.27242
== [64, 1, 32, 32, 3, 2, 2, 8] [160, 15, 32, 32, 3, 2, 2, 8] 5.78032
== [64, 1, 32, 32, 3, 2, 2, 8] [190, 12, 32, 32, 3, 2, 2, 8] 5.83057
== [64, 1, 32, 32, 3, 2, 2, 8] [220, 11, 32, 32, 3, 2, 2, 8] 6.44882
== [192, 1, 32, 32, 3, 2, 2, 8] [10, 232, 32, 32, 3, 2, 2, 8] 73.69792
== [192, 1, 32, 32, 3, 2, 2, 8] [40, 58, 32, 32, 3, 2, 2, 8] 10.0928
== [192, 1, 32, 32, 3, 2, 2, 8] [70, 33, 32, 32, 3, 2, 2, 8] 7.49556
== [192, 1, 32, 32, 3, 2, 2, 8] [100, 23, 32, 32, 3, 2, 2, 8] 7.05406
== [192, 1, 32, 32, 3, 2, 2, 8] [130, 17, 32, 32, 3, 2, 2, 8] 6.56325
== [192, 1, 32, 32, 3, 2, 2, 8] [160, 14, 32, 32, 3, 2, 2, 8] 7.0168
== [192, 1, 32, 32, 3, 2, 2, 8] [190, 12, 32, 32, 3, 2, 2, 8] 7.28145
== [192, 1, 32, 32, 3, 2, 2, 8] [220, 10, 32, 32, 3, 2, 2, 8] 7.6687
== [320, 1, 32, 32, 3, 2, 2, 8] [10, 220, 32, 32, 3, 2, 2, 8] 71.5032
== [320, 1, 32, 32, 3, 2, 2, 8] [40, 55, 32, 32, 3, 2, 2, 8] 11.188
== [320, 1, 32, 32, 3, 2, 2, 8] [70, 31, 32, 32, 3, 2, 2, 8] 9.03657
== [320, 1, 32, 32, 3, 2, 2, 8] [100, 22, 32, 32, 3, 2, 2, 8] 8.34604
== [320, 1, 32, 32, 3, 2, 2, 8] [130, 16, 32, 32, 3, 2, 2, 8] 7.81775
== [320, 1, 32, 32, 3, 2, 2, 8] [160, 13, 32, 32, 3, 2, 2, 8] 8.3856
== [320, 1, 32, 32, 3, 2, 2, 8] [190, 11, 32, 32, 3, 2, 2, 8] 8.81835
== [320, 1, 32, 32, 3, 2, 2, 8] [220, 10, 32, 32, 3, 2, 2, 8] 9.1695
== [448, 1, 32, 32, 3, 2, 2, 8] [10, 207, 32, 32, 3, 2, 2, 8] 69.00052
== [448, 1, 32, 32, 3, 2, 2, 8] [40, 51, 32, 32, 3, 2, 2, 8] 12.148
== [448, 1, 32, 32, 3, 2, 2, 8] [70, 29, 32, 32, 3, 2, 2, 8] 10.19643
== [448, 1, 32, 32, 3, 2, 2, 8] [100, 20, 32, 32, 3, 2, 2, 8] 9.5392
== [448, 1, 32, 32, 3, 2, 2, 8] [130, 15, 32, 32, 3, 2, 2, 8] 9.4258
== [448, 1, 32, 32, 3, 2, 2, 8] [160, 12, 32, 32, 3, 2, 2, 8] 9.6424
== [448, 1, 32, 32, 3, 2, 2, 8] [190, 10, 32, 32, 3, 2, 2, 8] 10.12155
== [448, 1, 32, 32, 3, 2, 2, 8] [220, 9, 32, 32, 3, 2, 2, 8] 10.5658
== [576, 1, 32, 32, 3, 2, 2, 8] [10, 194, 32, 32, 3, 2, 2, 8] 66.49784
== [576, 1, 32, 32, 3, 2, 2, 8] [40, 48, 32, 32, 3, 2, 2, 8] 13.2432
== [576, 1, 32, 32, 3, 2, 2, 8] [70, 27, 32, 32, 3, 2, 2, 8] 11.49804
== [576, 1, 32, 32, 3, 2, 2, 8] [100, 19, 32, 32, 3, 2, 2, 8] 11.01568
== [576, 1, 32, 32, 3, 2, 2, 8] [130, 14, 32, 32, 3, 2, 2, 8] 10.75305
== [576, 1, 32, 32, 3, 2, 2, 8] [160, 12, 32, 32, 3, 2, 2, 8] 11.1432
== [576, 1, 32, 32, 3, 2, 2, 8] [190, 10, 32, 32, 3, 2, 2, 8] 11.62235
== [576, 1, 32, 32, 3, 2, 2, 8] [220, 8, 32, 32, 3, 2, 2, 8] 11.7333
== [704, 1, 32, 32, 3, 2, 2, 8]== [64, 1, 32, 32, 3, 2, 2, 2] [10, 245, 32, 32, 3, 2, 2, 2] 93.31254
== [64, 1, 32, 32, 3, 2, 2, 2] [40, 61, 32, 32, 3, 2, 2, 2] 14.5949
== [64, 1, 32, 32, 3, 2, 2, 2] [70, 35, 32, 32, 3, 2, 2, 2] 12.57594
== [64, 1, 32, 32, 3, 2, 2, 2] [100, 24, 32, 32, 3, 2, 2, 2] 12.79224
== [64, 1, 32, 32, 3, 2, 2, 2] [130, 18, 32, 32, 3, 2, 2, 2] 12.49134
== [64, 1, 32, 32, 3, 2, 2, 2] [160, 15, 32, 32, 3, 2, 2, 2] 14.67504
== [64, 1, 32, 32, 3, 2, 2, 2] [190, 12, 32, 32, 3, 2, 2, 2] 16.74804
== [64, 1, 32, 32, 3, 2, 2, 2] [220, 11, 32, 32, 3, 2, 2, 2] 18.74964
== [192, 1, 32, 32, 3, 2, 2, 2] [10, 232, 32, 32, 3, 2, 2, 2] 89.47984
== [192, 1, 32, 32, 3, 2, 2, 2] [40, 58, 32, 32, 3, 2, 2, 2] 14.99044
== [192, 1, 32, 32, 3, 2, 2, 2] [70, 33, 32, 32, 3, 2, 2, 2] 13.62927
== [192, 1, 32, 32, 3, 2, 2, 2] [100, 23, 32, 32, 3, 2, 2, 2] 14.33696
== [192, 1, 32, 32, 3, 2, 2, 2] [130, 17, 32, 32, 3, 2, 2, 2] 13.54911
== [192, 1, 32, 32, 3, 2, 2, 2] [160, 14, 32, 32, 3, 2, 2, 2] 15.83616
== [192, 1, 32, 32, 3, 2, 2, 2] [190, 12, 32, 32, 3, 2, 2, 2] 17.79476
== [192, 1, 32, 32, 3, 2, 2, 2] [220, 10, 32, 32, 3, 2, 2, 2] 19.72156
== [320, 1, 32, 32, 3, 2, 2, 2] [10, 220, 32, 32, 3, 2, 2, 2] 89.8358
== [320, 1, 32, 32, 3, 2, 2, 2] [40, 55, 32, 32, 3, 2, 2, 2] 17.90075
== [320, 1, 32, 32, 3, 2, 2, 2] [70, 31, 32, 32, 3, 2, 2, 2] 14.36217
== [320, 1, 32, 32, 3, 2, 2, 2] [100, 22, 32, 32, 3, 2, 2, 2] 15.443
== [320, 1, 32, 32, 3, 2, 2, 2] [130, 16, 32, 32, 3, 2, 2, 2] 14.9606
== [320, 1, 32, 32, 3, 2, 2, 2] [160, 13, 32, 32, 3, 2, 2, 2] 16.9624
== [320, 1, 32, 32, 3, 2, 2, 2] [190, 11, 32, 32, 3, 2, 2, 2] 19.22465
== [320, 1, 32, 32, 3, 2, 2, 2] [220, 10, 32, 32, 3, 2, 2, 2] 21.0726
== [448, 1, 32, 32, 3, 2, 2, 2] [10, 207, 32, 32, 3, 2, 2, 2] 86.24983
== [448, 1, 32, 32, 3, 2, 2, 2] [40, 51, 32, 32, 3, 2, 2, 2] 18.63775
== [448, 1, 32, 32, 3, 2, 2, 2] [70, 29, 32, 32, 3, 2, 2, 2] 15.39708
== [448, 1, 32, 32, 3, 2, 2, 2] [100, 20, 32, 32, 3, 2, 2, 2] 16.6908
== [448, 1, 32, 32, 3, 2, 2, 2] [130, 15, 32, 32, 3, 2, 2, 2] 16.3782
== [448, 1, 32, 32, 3, 2, 2, 2] [160, 12, 32, 32, 3, 2, 2, 2] 18.5904
== [448, 1, 32, 32, 3, 2, 2, 2] [190, 10, 32, 32, 3, 2, 2, 2] 20.658
== [448, 1, 32, 32, 3, 2, 2, 2] [220, 9, 32, 32, 3, 2, 2, 2] 22.3875
== [576, 1, 32, 32, 3, 2, 2, 2] [10, 194, 32, 32, 3, 2, 2, 2] 82.66386
== [576, 1, 32, 32, 3, 2, 2, 2] [40, 48, 32, 32, 3, 2, 2, 2] 19.3512
== [576, 1, 32, 32, 3, 2, 2, 2] [70, 27, 32, 32, 3, 2, 2, 2] 17.2897
== [576, 1, 32, 32, 3, 2, 2, 2] [100, 19, 32, 32, 3, 2, 2, 2] 18.4796
== [576, 1, 32, 32, 3, 2, 2, 2] [130, 14, 32, 32, 3, 2, 2, 2] 17.9791
== [576, 1, 32, 32, 3, 2, 2, 2] [160, 12, 32, 32, 3, 2, 2, 2] 20.0912
== [576, 1, 32, 32, 3, 2, 2, 2] [190, 10, 32, 32, 3, 2, 2, 2] 22.1588
== [576, 1, 32, 32, 3, 2, 2, 2] [220, 8, 32, 32, 3, 2, 2, 2] 23.8828
== [704, 1, 32, 32, 3, 2, 2, 2] [10, 181, 32, 32, 3, 2, 2, 2] 79.07789
== [704, 1, 32, 32, 3, 2, 2, 2] [40, 45, 32, 32, 3, 2, 2, 2] 20.78465
== [704, 1, 32, 32, 3, 2, 2, 2] [70, 25, 32, 32, 3, 2, 2, 2] 18.49695
== [704, 1, 32, 32, 3, 2, 2, 2] [100, 18, 32, 32, 3, 2, 2, 2] 19.6474
== [704, 1, 32, 32, 3, 2, 2, 2] [130, 13, 32, 32, 3, 2, 2, 2] 19.29205
== [704, 1, 32, 32, 3, 2, 2, 2] [160, 11, 32, 32, 3, 2, 2, 2] 21.6624
== [704, 1, 32, 32, 3, 2, 2, 2] [190, 9, 32, 32, 3, 2, 2, 2] 23.49715
== [704, 1, 32, 32, 3, 2, 2, 2] [220, 8, 32, 32, 3, 2, 2, 2] 25.3836
== [832, 1, 32, 32, 3, 2, 2, 2] [10, 168, 32, 32, 3, 2, 2, 2] 75.49192
== [832, 1, 32, 32, 3, 2, 2, 2] [40, 42, 32, 32, 3, 2, 2, 2] 21.6685
== [832, 1, 32, 32, 3, 2, 2, 2] [70, 24, 32, 32, 3, 2, 2, 2] 19.736
== [832, 1, 32, 32, 3, 2, 2, 2] [100, 16, 32, 32, 3, 2, 2, 2] 21.2412
== [832, 1, 32, 32, 3, 2, 2, 2] [130, 12, 32, 32, 3, 2, 2, 2] 20.8962
== [832, 1, 32, 32, 3, 2, 2, 2] [160, 10, 32, 32, 3, 2, 2, 2] 23.104
== [832, 1, 32, 32, 3, 2, 2, 2] [190, 8, 32, 32, 3, 2, 2, 2] 24.9894
== [832, 1, 32, 32, 3, 2, 2, 2] [220, 7, 32, 32, 3, 2, 2, 2] 27.012
== [960, 1, 32, 32, 3, 2, 2, 2] [10, 156, 32, 32, 3, 2, 2, 2] 72.29724
== [960, 1, 32, 32, 3, 2, 2, 2] [40, 39, 32, 32, 3, 2, 2, 2] 22.33403
== [960, 1, 32, 32, 3, 2, 2, 2] [70, 22, 32, 32, 3, 2, 2, 2] 21.24824
== [960, 1, 32, 32, 3, 2, 2, 2] [100, 15, 32, 32, 3, 2, 2, 2] 22.6115
== [960, 1, 32, 32, 3, 2, 2, 2] [130, 12, 32, 32, 3, 2, 2, 2] 22.397
== [960, 1, 32, 32, 3, 2, 2, 2] [160, 9, 32, 32, 3, 2, 2, 2] 24.4664
== [960, 1, 32, 32, 3, 2, 2, 2] [190, 8, 32, 32, 3, 2, 2, 2] 26.4902
== [960, 1, 32, 32, 3, 2, 2, 2] [220, 7, 32, 32, 3, 2, 2, 2] 28.5128
== [64, 1, 32, 32, 3, 2, 2, 4] [10, 245, 32, 32, 3, 2, 2, 4] 93.31254
== [64, 1, 32, 32, 3, 2, 2, 4] [40, 61, 32, 32, 3, 2, 2, 4] 14.5949
== [64, 1, 32, 32, 3, 2, 2, 4] [70, 35, 32, 32, 3, 2, 2, 4] 12.30154
== [64, 1, 32, 32, 3, 2, 2, 4] [100, 24, 32, 32, 3, 2, 2, 4] 12.12624
== [64, 1, 32, 32, 3, 2, 2, 4] [130, 18, 32, 32, 3, 2, 2, 4] 10.60626
== [64, 1, 32, 32, 3, 2, 2, 4] [160, 15, 32, 32, 3, 2, 2, 4] 11.95024
== [64, 1, 32, 32, 3, 2, 2, 4] [190, 12, 32, 32, 3, 2, 2, 4] 13.40594
== [64, 1, 32, 32, 3, 2, 2, 4] [220, 11, 32, 32, 3, 2, 2, 4] 14.87984
== [192, 1, 32, 32, 3, 2, 2, 4] [10, 232, 32, 32, 3, 2, 2, 4] 89.47984
== [192, 1, 32, 32, 3, 2, 2, 4] [40, 58, 32, 32, 3, 2, 2, 4] 14.99044
== [192, 1, 32, 32, 3, 2, 2, 4] [70, 33, 32, 32, 3, 2, 2, 4] 13.32743
== [192, 1, 32, 32, 3, 2, 2, 4] [100, 23, 32, 32, 3, 2, 2, 4] 13.56846
== [192, 1, 32, 32, 3, 2, 2, 4] [130, 17, 32, 32, 3, 2, 2, 4] 11.54299
== [192, 1, 32, 32, 3, 2, 2, 4] [160, 14, 32, 32, 3, 2, 2, 4] 13.02176
== [192, 1, 32, 32, 3, 2, 2, 4] [190, 12, 32, 32, 3, 2, 2, 4] 14.45266
== [192, 1, 32, 32, 3, 2, 2, 4] [220, 10, 32, 32, 3, 2, 2, 4] 15.85176
== [320, 1, 32, 32, 3, 2, 2, 4] [10, 220, 32, 32, 3, 2, 2, 4] 89.8358
== [320, 1, 32, 32, 3, 2, 2, 4] [40, 55, 32, 32, 3, 2, 2, 4] 17.90075
== [320, 1, 32, 32, 3, 2, 2, 4] [70, 31, 32, 32, 3, 2, 2, 4] 14.03289
== [320, 1, 32, 32, 3, 2, 2, 4] [100, 22, 32, 32, 3, 2, 2, 4] 14.572
== [320, 1, 32, 32, 3, 2, 2, 4] [130, 16, 32, 32, 3, 2, 2, 4] 12.8403
== [320, 1, 32, 32, 3, 2, 2, 4] [160, 13, 32, 32, 3, 2, 2, 4] 14.148
== [320, 1, 32, 32, 3, 2, 2, 4] [190, 11, 32, 32, 3, 2, 2, 4] 15.88255
== [320, 1, 32, 32, 3, 2, 2, 4] [220, 10, 32, 32, 3, 2, 2, 4] 17.2028
== [448, 1, 32, 32, 3, 2, 2, 4] [10, 207, 32, 32, 3, 2, 2, 4] 86.24983
== [448, 1, 32, 32, 3, 2, 2, 4] [40, 51, 32, 32, 3, 2, 2, 4] 18.63775
== [448, 1, 32, 32, 3, 2, 2, 4] [70, 29, 32, 32, 3, 2, 2, 4] 15.04036
== [448, 1, 32, 32, 3, 2, 2, 4] [100, 20, 32, 32, 3, 2, 2, 4] 15.6148
== [448, 1, 32, 32, 3, 2, 2, 4] [130, 15, 32, 32, 3, 2, 2, 4] 14.1643
== [448, 1, 32, 32, 3, 2, 2, 4] [160, 12, 32, 32, 3, 2, 2, 4] 15.776
== [448, 1, 32, 32, 3, 2, 2, 4] [190, 10, 32, 32, 3, 2, 2, 4] 17.3159
== [448, 1, 32, 32, 3, 2, 2, 4] [220, 9, 32, 32, 3, 2, 2, 4] 18.5177
== [576, 1, 32, 32, 3, 2, 2, 4] [10, 194, 32, 32, 3, 2, 2, 4] 82.66386
== [576, 1, 32, 32, 3, 2, 2, 4] [40, 48, 32, 32, 3, 2, 2, 4] 19.3512
== [576, 1, 32, 32, 3, 2, 2, 4] [70, 27, 32, 32, 3, 2, 2, 4] 17.0153
== [576, 1, 32, 32, 3, 2, 2, 4] [100, 19, 32, 32, 3, 2, 2, 4] 17.43144
== [576, 1, 32, 32, 3, 2, 2, 4] [130, 14, 32, 32, 3, 2, 2, 4] 15.7267
== [576, 1, 32, 32, 3, 2, 2, 4] [160, 12, 32, 32, 3, 2, 2, 4] 17.2768
== [576, 1, 32, 32, 3, 2, 2, 4] [190, 10, 32, 32, 3, 2, 2, 4] 18.8167
== [576, 1, 32, 32, 3, 2, 2, 4] [220, 8, 32, 32, 3, 2, 2, 4] 20.013
== [704, 1, 32, 32, 3, 2, 2, 4] [10, 181, 32, 32, 3, 2, 2, 4] 79.07789
== [704, 1, 32, 32, 3, 2, 2, 4] [40, 45, 32, 32, 3, 2, 2, 4] 20.78465
== [704, 1, 32, 32, 3, 2, 2, 4] [70, 25, 32, 32, 3, 2, 2, 4] 18.22255
== [704, 1, 32, 32, 3, 2, 2, 4] [100, 18, 32, 32, 3, 2, 2, 4] 18.48988
== [704, 1, 32, 32, 3, 2, 2, 4] [130, 13, 32, 32, 3, 2, 2, 4] 17.00535
== [704, 1, 32, 32, 3, 2, 2, 4] [160, 11, 32, 32, 3, 2, 2, 4] 18.848
== [704, 1, 32, 32, 3, 2, 2, 4] [190, 9, 32, 32, 3, 2, 2, 4] 20.15505
== [704, 1, 32, 32, 3, 2, 2, 4] [220, 8, 32, 32, 3, 2, 2, 4] 21.5138
== [832, 1, 32, 32, 3, 2, 2, 4] [10, 168, 32, 32, 3, 2, 2, 4] 75.49192
== [832, 1, 32, 32, 3, 2, 2, 4] [40, 42, 32, 32, 3, 2, 2, 4] 21.6685
== [832, 1, 32, 32, 3, 2, 2, 4] [70, 24, 32, 32, 3, 2, 2, 4] 19.4616
== [832, 1, 32, 32, 3, 2, 2, 4] [100, 16, 32, 32, 3, 2, 2, 4] 19.86496
== [832, 1, 32, 32, 3, 2, 2, 4] [130, 12, 32, 32, 3, 2, 2, 4] 18.6095
== [832, 1, 32, 32, 3, 2, 2, 4][100, 16, 32, 32, 3, 2, 2, 4] 163.47276
== [832, 1, 32, 32, 5, 2, 2, 4] [130, 12, 32, 32, 3, 2, 2, 4] 168.67792
== [832, 1, 32, 32, 5, 2, 2, 4] [160, 10, 32, 32, 3, 2, 2, 4] 173.34928
== [832, 1, 32, 32, 5, 2, 2, 4] [190, 8, 32, 32, 3, 2, 2, 4] 179.04284
== [832, 1, 32, 32, 5, 2, 2, 4] [220, 7, 32, 32, 3, 2, 2, 4] 184.56568
== [960, 1, 32, 32, 5, 2, 2, 4] [10, 156, 32, 32, 3, 2, 2, 4] 446.77224
== [960, 1, 32, 32, 5, 2, 2, 4] [40, 39, 32, 32, 3, 2, 2, 4] 196.485645
== [960, 1, 32, 32, 5, 2, 2, 4] [70, 22, 32, 32, 3, 2, 2, 4] 185.81334
== [960, 1, 32, 32, 5, 2, 2, 4] [100, 15, 32, 32, 3, 2, 2, 4] 185.8782
== [960, 1, 32, 32, 5, 2, 2, 4] [130, 12, 32, 32, 3, 2, 2, 4] 190.30544
== [960, 1, 32, 32, 5, 2, 2, 4] [160, 9, 32, 32, 3, 2, 2, 4] 194.96338
== [960, 1, 32, 32, 5, 2, 2, 4] [190, 8, 32, 32, 3, 2, 2, 4] 200.67036
== [960, 1, 32, 32, 5, 2, 2, 4] [220, 7, 32, 32, 3, 2, 2, 4] 206.1932
== [64, 1, 32, 32, 5, 2, 2, 6] [10, 245, 32, 32, 3, 2, 2, 6] 465.55889
== [64, 1, 32, 32, 5, 2, 2, 6] [40, 61, 32, 32, 3, 2, 2, 6] 75.712085
== [64, 1, 32, 32, 5, 2, 2, 6] [70, 35, 32, 32, 3, 2, 2, 6] 56.61224
== [64, 1, 32, 32, 5, 2, 2, 6] [100, 24, 32, 32, 3, 2, 2, 6] 52.77413333333334
== [64, 1, 32, 32, 5, 2, 2, 6] [130, 18, 32, 32, 3, 2, 2, 6] 54.74604
== [64, 1, 32, 32, 5, 2, 2, 6] [160, 15, 32, 32, 3, 2, 2, 6] 57.29737333333334
== [64, 1, 32, 32, 5, 2, 2, 6] [190, 12, 32, 32, 3, 2, 2, 6] 60.35674666666668
== [64, 1, 32, 32, 5, 2, 2, 6] [220, 11, 32, 32, 3, 2, 2, 6] 64.03338666666667
== [192, 1, 32, 32, 5, 2, 2, 6] [10, 232, 32, 32, 3, 2, 2, 6] 452.8508
== [192, 1, 32, 32, 5, 2, 2, 6] [40, 58, 32, 32, 3, 2, 2, 6] 81.13025
== [192, 1, 32, 32, 5, 2, 2, 6] [70, 33, 32, 32, 3, 2, 2, 6] 62.74905
== [192, 1, 32, 32, 5, 2, 2, 6] [100, 23, 32, 32, 3, 2, 2, 6] 62.00108666666667
== [192, 1, 32, 32, 5, 2, 2, 6] [130, 17, 32, 32, 3, 2, 2, 6] 61.85301
== [192, 1, 32, 32, 5, 2, 2, 6] [160, 14, 32, 32, 3, 2, 2, 6] 64.27357333333335
== [192, 1, 32, 32, 5, 2, 2, 6] [190, 12, 32, 32, 3, 2, 2, 6] 67.68698666666668
== [192, 1, 32, 32, 5, 2, 2, 6] [220, 10, 32, 32, 3, 2, 2, 6] 71.16934666666667
== [320, 1, 32, 32, 5, 2, 2, 6] [10, 220, 32, 32, 3, 2, 2, 6] 448.1322
== [320, 1, 32, 32, 5, 2, 2, 6] [40, 55, 32, 32, 3, 2, 2, 6] 95.961975
== [320, 1, 32, 32, 5, 2, 2, 6] [70, 31, 32, 32, 3, 2, 2, 6] 81.28799
== [320, 1, 32, 32, 5, 2, 2, 6] [100, 22, 32, 32, 3, 2, 2, 6] 78.12238666666667
== [320, 1, 32, 32, 5, 2, 2, 6] [130, 16, 32, 32, 3, 2, 2, 6] 77.94432
== [320, 1, 32, 32, 5, 2, 2, 6] [160, 13, 32, 32, 3, 2, 2, 6] 80.65586666666667
== [320, 1, 32, 32, 5, 2, 2, 6] [190, 11, 32, 32, 3, 2, 2, 6] 84.33420666666667
== [320, 1, 32, 32, 5, 2, 2, 6] [220, 10, 32, 32, 3, 2, 2, 6] 87.82886666666668
== [448, 1, 32, 32, 5, 2, 2, 6] [10, 207, 32, 32, 3, 2, 2, 6] 447.45257
== [448, 1, 32, 32, 5, 2, 2, 6] [40, 51, 32, 32, 3, 2, 2, 6] 116.11247
== [448, 1, 32, 32, 5, 2, 2, 6] [70, 29, 32, 32, 3, 2, 2, 6] 102.32602
== [448, 1, 32, 32, 5, 2, 2, 6] [100, 20, 32, 32, 3, 2, 2, 6] 99.25186666666669
== [448, 1, 32, 32, 5, 2, 2, 6] [130, 15, 32, 32, 3, 2, 2, 6] 101.46948333333334
== [448, 1, 32, 32, 5, 2, 2, 6] [160, 12, 32, 32, 3, 2, 2, 6] 102.78410666666667
== [448, 1, 32, 32, 5, 2, 2, 6] [190, 10, 32, 32, 3, 2, 2, 6] 106.64816666666668
== [448, 1, 32, 32, 5, 2, 2, 6] [220, 9, 32, 32, 3, 2, 2, 6] 110.15576666666666
== [576, 1, 32, 32, 5, 2, 2, 6] [10, 194, 32, 32, 3, 2, 2, 6] 442.93678
== [576, 1, 32, 32, 5, 2, 2, 6] [40, 48, 32, 32, 3, 2, 2, 6] 132.5544
== [576, 1, 32, 32, 5, 2, 2, 6] [70, 27, 32, 32, 3, 2, 2, 6] 119.58102
== [576, 1, 32, 32, 5, 2, 2, 6] [100, 19, 32, 32, 3, 2, 2, 6] 117.80410666666666
== [576, 1, 32, 32, 5, 2, 2, 6] [130, 14, 32, 32, 3, 2, 2, 6] 119.62666
== [576, 1, 32, 32, 5, 2, 2, 6] [160, 12, 32, 32, 3, 2, 2, 6] 121.42794666666668
== [576, 1, 32, 32, 5, 2, 2, 6] [190, 10, 32, 32, 3, 2, 2, 6] 125.29200666666668
== [576, 1, 32, 32, 5, 2, 2, 6] [220, 8, 32, 32, 3, 2, 2, 6] 128.73690666666667
== [704, 1, 32, 32, 5, 2, 2, 6] [10, 181, 32, 32, 3, 2, 2, 6] 443.44454
== [704, 1, 32, 32, 5, 2, 2, 6] [40, 45, 32, 32, 3, 2, 2, 6] 156.77341
== [704, 1, 32, 32, 5, 2, 2, 6] [70, 25, 32, 32, 3, 2, 2, 6] 139.99911
== [704, 1, 32, 32, 5, 2, 2, 6] [100, 18, 32, 32, 3, 2, 2, 6] 138.70314666666667
== [704, 1, 32, 32, 5, 2, 2, 6] [130, 13, 32, 32, 3, 2, 2, 6] 140.9497
== [704, 1, 32, 32, 5, 2, 2, 6] [160, 11, 32, 32, 3, 2, 2, 6] 143.16823333333335
== [704, 1, 32, 32, 5, 2, 2, 6] [190, 9, 32, 32, 3, 2, 2, 6] 146.76785333333336
== [704, 1, 32, 32, 5, 2, 2, 6] [220, 8, 32, 32, 3, 2, 2, 6] 150.36442666666667
== [832, 1, 32, 32, 5, 2, 2, 6] [10, 168, 32, 32, 3, 2, 2, 6] 441.76592
== [832, 1, 32, 32, 5, 2, 2, 6] [40, 42, 32, 32, 3, 2, 2, 6] 176.01323
== [832, 1, 32, 32, 5, 2, 2, 6] [70, 24, 32, 32, 3, 2, 2, 6] 160.78472
== [832, 1, 32, 32, 5, 2, 2, 6] [100, 16, 32, 32, 3, 2, 2, 6] 159.29664
== [832, 1, 32, 32, 5, 2, 2, 6] [130, 12, 32, 32, 3, 2, 2, 6] 161.93808
== [832, 1, 32, 32, 5, 2, 2, 6] [160, 10, 32, 32, 3, 2, 2, 6] 164.53754666666669
== [832, 1, 32, 32, 5, 2, 2, 6] [190, 8, 32, 32, 3, 2, 2, 6] 168.32765333333336
== [832, 1, 32, 32, 5, 2, 2, 6] [220, 7, 32, 32, 3, 2, 2, 6] 172.10869333333332
== [960, 1, 32, 32, 5, 2, 2, 6] [10, 156, 32, 32, 3, 2, 2, 6] 446.77224
== [960, 1, 32, 32, 5, 2, 2, 6] [40, 39, 32, 32, 3, 2, 2, 6] 196.485645
== [960, 1, 32, 32, 5, 2, 2, 6] [70, 22, 32, 32, 3, 2, 2, 6] 184.1408066666667
== [960, 1, 32, 32, 5, 2, 2, 6] [100, 15, 32, 32, 3, 2, 2, 6] 182.77383333333333
== [960, 1, 32, 32, 5, 2, 2, 6] [130, 12, 32, 32, 3, 2, 2, 6] 183.5656
== [960, 1, 32, 32, 5, 2, 2, 6] [160, 9, 32, 32, 3, 2, 2, 6] 186.07538
== [960, 1, 32, 32, 5, 2, 2, 6] [190, 8, 32, 32, 3, 2, 2, 6] 189.95517333333336
== [960, 1, 32, 32, 5, 2, 2, 6] [220, 7, 32, 32, 3, 2, 2, 6] 193.73621333333332
== [64, 1, 32, 32, 5, 2, 2, 8] [10, 245, 32, 32, 3, 2, 2, 8] 465.55889
== [64, 1, 32, 32, 5, 2, 2, 8] [40, 61, 32, 32, 3, 2, 2, 8] 75.712085
== [64, 1, 32, 32, 5, 2, 2, 8] [70, 35, 32, 32, 3, 2, 2, 8] 56.61224
== [64, 1, 32, 32, 5, 2, 2, 8] [100, 24, 32, 32, 3, 2, 2, 8] 51.4488
== [64, 1, 32, 32, 5, 2, 2, 8] [130, 18, 32, 32, 3, 2, 2, 8] 52.47724
== [64, 1, 32, 32, 5, 2, 2, 8] [160, 15, 32, 32, 3, 2, 2, 8] 54.49744
== [64, 1, 32, 32, 5, 2, 2, 8] [190, 12, 32, 32, 3, 2, 2, 8] 55.45116
== [64, 1, 32, 32, 5, 2, 2, 8] [220, 11, 32, 32, 3, 2, 2, 8] 58.33612
== [192, 1, 32, 32, 5, 2, 2, 8] [10, 232, 32, 32, 3, 2, 2, 8] 452.8508
== [192, 1, 32, 32, 5, 2, 2, 8] [40, 58, 32, 32, 3, 2, 2, 8] 81.13025
== [192, 1, 32, 32, 5, 2, 2, 8] [70, 33, 32, 32, 3, 2, 2, 8] 62.74905
== [192, 1, 32, 32, 5, 2, 2, 8] [100, 23, 32, 32, 3, 2, 2, 8] 60.80642
== [192, 1, 32, 32, 5, 2, 2, 8] [130, 17, 32, 32, 3, 2, 2, 8] 59.38901
== [192, 1, 32, 32, 5, 2, 2, 8] [160, 14, 32, 32, 3, 2, 2, 8] 61.21024
== [192, 1, 32, 32, 5, 2, 2, 8] [190, 12, 32, 32, 3, 2, 2, 8] 62.7814
== [192, 1, 32, 32, 5, 2, 2, 8] [220, 10, 32, 32, 3, 2, 2, 8] 65.45008
== [320, 1, 32, 32, 5, 2, 2, 8] [10, 220, 32, 32, 3, 2, 2, 8] 448.1322
== [320, 1, 32, 32, 5, 2, 2, 8] [40, 55, 32, 32, 3, 2, 2, 8] 95.961975
== [320, 1, 32, 32, 5, 2, 2, 8] [70, 31, 32, 32, 3, 2, 2, 8] 81.28799
== [320, 1, 32, 32, 5, 2, 2, 8] [100, 22, 32, 32, 3, 2, 2, 8] 76.92772
== [320, 1, 32, 32, 5, 2, 2, 8] [130, 16, 32, 32, 3, 2, 2, 8] 75.33392
== [320, 1, 32, 32, 5, 2, 2, 8] [160, 13, 32, 32, 3, 2, 2, 8] 77.39512
== [320, 1, 32, 32, 5, 2, 2, 8] [190, 11, 32, 32, 3, 2, 2, 8] 79.91064
== [320, 1, 32, 32, 5, 2, 2, 8] [220, 10, 32, 32, 3, 2, 2, 8] 82.1096
== [448, 1, 32, 32, 5, 2, 2, 8] [10, 207, 32, 32, 3, 2, 2, 8] 447.45257
== [448, 1, 32, 32, 5, 2, 2, 8] [40, 51, 32, 32, 3, 2, 2, 8] 116.11247
== [448, 1, 32, 32, 5, 2, 2, 8] [70, 29, 32, 32, 3, 2, 2, 8] 102.32602
== [448, 1, 32, 32, 5, 2, 2, 8] [100, 20, 32, 32, 3, 2, 2, 8] 98.0572
== [448, 1, 32, 32, 5, 2, 2, 8] [130, 15, 32, 32, 3, 2, 2, 8] 99.74655
== [448, 1, 32, 32, 5, 2, 2, 8] [160, 12, 32, 32, 3, 2, 2, 8] 99.22272
== [448, 1, 32, 32, 5, 2, 2, 8] [190, 10, 32, 32, 3, 2, 2, 8] 101.8782
== [448, 1, 32, 32, 5, 2, 2, 8] [220, 9, 32, 32, 3, 2, 2, 8] 104.36738
== [576, 1, 32, 32, 5, 2, 2, 8] [10, 194, 32, 32, 3, 2, 2, 8] 442.93678
== [576, 1, 32, 32, 5, 2, 2, 8] [40, 48, 32, 32, 3, 2, 2, 8] 132.5544
== [576, 1, 32, 32, 5, 2, 2, 8] [70, 27, 32, 32, 3, 2, 2, 8] [10, 181, 32, 32, 3, 2, 2, 8] 64.92731
== [704, 1, 32, 32, 3, 2, 2, 8] [40, 45, 32, 32, 3, 2, 2, 8] 15.1295
== [704, 1, 32, 32, 3, 2, 2, 8] [70, 25, 32, 32, 3, 2, 2, 8] 12.6474
== [704, 1, 32, 32, 3, 2, 2, 8] [100, 18, 32, 32, 3, 2, 2, 8] 12.29216
== [704, 1, 32, 32, 3, 2, 2, 8] [130, 13, 32, 32, 3, 2, 2, 8] 12.14595
== [704, 1, 32, 32, 3, 2, 2, 8] [160, 11, 32, 32, 3, 2, 2, 8] 12.6792
== [704, 1, 32, 32, 3, 2, 2, 8] [190, 9, 32, 32, 3, 2, 2, 8] 13.031
== [704, 1, 32, 32, 3, 2, 2, 8] [220, 8, 32, 32, 3, 2, 2, 8] 13.2341
== [832, 1, 32, 32, 3, 2, 2, 8] [10, 168, 32, 32, 3, 2, 2, 8] 62.35768
== [832, 1, 32, 32, 3, 2, 2, 8] [40, 42, 32, 32, 3, 2, 2, 8] 16.17196
== [832, 1, 32, 32, 3, 2, 2, 8] [70, 24, 32, 32, 3, 2, 2, 8] 13.97248
== [832, 1, 32, 32, 3, 2, 2, 8] [100, 16, 32, 32, 3, 2, 2, 8] 13.43232
== [832, 1, 32, 32, 3, 2, 2, 8] [130, 12, 32, 32, 3, 2, 2, 8] 13.44655
== [832, 1, 32, 32, 3, 2, 2, 8] [160, 10, 32, 32, 3, 2, 2, 8] 14.0152
== [832, 1, 32, 32, 3, 2, 2, 8] [190, 8, 32, 32, 3, 2, 2, 8] 14.23825
== [832, 1, 32, 32, 3, 2, 2, 8] [220, 7, 32, 32, 3, 2, 2, 8] 14.6546
== [960, 1, 32, 32, 3, 2, 2, 8] [10, 156, 32, 32, 3, 2, 2, 8] 60.10116
== [960, 1, 32, 32, 3, 2, 2, 8] [40, 39, 32, 32, 3, 2, 2, 8] 17.21442
== [960, 1, 32, 32, 3, 2, 2, 8] [70, 22, 32, 32, 3, 2, 2, 8] 15.83024
== [960, 1, 32, 32, 3, 2, 2, 8] [100, 15, 32, 32, 3, 2, 2, 8] 14.9808
== [960, 1, 32, 32, 3, 2, 2, 8] [130, 12, 32, 32, 3, 2, 2, 8] 14.94735
== [960, 1, 32, 32, 3, 2, 2, 8] [160, 9, 32, 32, 3, 2, 2, 8] 15.4368
== [960, 1, 32, 32, 3, 2, 2, 8] [190, 8, 32, 32, 3, 2, 2, 8] 15.73905
== [960, 1, 32, 32, 3, 2, 2, 8] [220, 7, 32, 32, 3, 2, 2, 8] 16.1554
== [64, 1, 32, 32, 3, 2, 4, 2] [10, 245, 32, 32, 3, 2, 4, 2] 39.678655
== [64, 1, 32, 32, 3, 2, 4, 2] [40, 61, 32, 32, 3, 2, 4, 2] 6.01664
== [64, 1, 32, 32, 3, 2, 4, 2] [70, 35, 32, 32, 3, 2, 4, 2] 5.56118
== [64, 1, 32, 32, 3, 2, 4, 2] [100, 24, 32, 32, 3, 2, 4, 2] 6.00268
== [64, 1, 32, 32, 3, 2, 4, 2] [130, 18, 32, 32, 3, 2, 4, 2] 7.41918
== [64, 1, 32, 32, 3, 2, 4, 2] [160, 15, 32, 32, 3, 2, 4, 2] 8.88048
== [64, 1, 32, 32, 3, 2, 4, 2] [190, 12, 32, 32, 3, 2, 4, 2] 9.96418
== [64, 1, 32, 32, 3, 2, 4, 2] [220, 11, 32, 32, 3, 2, 4, 2] 11.42488
== [192, 1, 32, 32, 3, 2, 4, 2] [10, 232, 32, 32, 3, 2, 4, 2] 38.6502
== [192, 1, 32, 32, 3, 2, 4, 2] [40, 58, 32, 32, 3, 2, 4, 2] 6.82432
== [192, 1, 32, 32, 3, 2, 4, 2] [70, 33, 32, 32, 3, 2, 4, 2] 6.38154
== [192, 1, 32, 32, 3, 2, 4, 2] [100, 23, 32, 32, 3, 2, 4, 2] 7.39394
== [192, 1, 32, 32, 3, 2, 4, 2] [130, 17, 32, 32, 3, 2, 4, 2] 8.42789
== [192, 1, 32, 32, 3, 2, 4, 2] [160, 14, 32, 32, 3, 2, 4, 2] 9.82704
== [192, 1, 32, 32, 3, 2, 4, 2] [190, 12, 32, 32, 3, 2, 4, 2] 11.00994
== [192, 1, 32, 32, 3, 2, 4, 2] [220, 10, 32, 32, 3, 2, 4, 2] 12.39804
== [320, 1, 32, 32, 3, 2, 4, 2] [10, 220, 32, 32, 3, 2, 4, 2] 37.8245
== [320, 1, 32, 32, 3, 2, 4, 2] [40, 55, 32, 32, 3, 2, 4, 2] 7.6752
== [320, 1, 32, 32, 3, 2, 4, 2] [70, 31, 32, 32, 3, 2, 4, 2] 7.60315
== [320, 1, 32, 32, 3, 2, 4, 2] [100, 22, 32, 32, 3, 2, 4, 2] 8.3854
== [320, 1, 32, 32, 3, 2, 4, 2] [130, 16, 32, 32, 3, 2, 4, 2] 9.3875
== [320, 1, 32, 32, 3, 2, 4, 2] [160, 13, 32, 32, 3, 2, 4, 2] 10.8992
== [320, 1, 32, 32, 3, 2, 4, 2] [190, 11, 32, 32, 3, 2, 4, 2] 12.2699
== [320, 1, 32, 32, 3, 2, 4, 2] [220, 10, 32, 32, 3, 2, 4, 2] 13.487
== [448, 1, 32, 32, 3, 2, 4, 2] [10, 207, 32, 32, 3, 2, 4, 2] 36.839245
== [448, 1, 32, 32, 3, 2, 4, 2] [40, 51, 32, 32, 3, 2, 4, 2] 8.44672
== [448, 1, 32, 32, 3, 2, 4, 2] [70, 29, 32, 32, 3, 2, 4, 2] 8.44361
== [448, 1, 32, 32, 3, 2, 4, 2] [100, 20, 32, 32, 3, 2, 4, 2] 9.38936
== [448, 1, 32, 32, 3, 2, 4, 2] [130, 15, 32, 32, 3, 2, 4, 2] 10.67601
== [448, 1, 32, 32, 3, 2, 4, 2] [160, 12, 32, 32, 3, 2, 4, 2] 11.86096
== [448, 1, 32, 32, 3, 2, 4, 2] [190, 10, 32, 32, 3, 2, 4, 2] 13.29806
== [448, 1, 32, 32, 3, 2, 4, 2] [220, 9, 32, 32, 3, 2, 4, 2] 14.62986
== [576, 1, 32, 32, 3, 2, 4, 2] [10, 194, 32, 32, 3, 2, 4, 2] 35.85399
== [576, 1, 32, 32, 3, 2, 4, 2] [40, 48, 32, 32, 3, 2, 4, 2] 9.2984
== [576, 1, 32, 32, 3, 2, 4, 2] [70, 27, 32, 32, 3, 2, 4, 2] 9.49862
== [576, 1, 32, 32, 3, 2, 4, 2] [100, 19, 32, 32, 3, 2, 4, 2] 10.56532
== [576, 1, 32, 32, 3, 2, 4, 2] [130, 14, 32, 32, 3, 2, 4, 2] 11.68502
== [576, 1, 32, 32, 3, 2, 4, 2] [160, 12, 32, 32, 3, 2, 4, 2] 12.94992
== [576, 1, 32, 32, 3, 2, 4, 2] [190, 10, 32, 32, 3, 2, 4, 2] 14.38702
== [576, 1, 32, 32, 3, 2, 4, 2] [220, 8, 32, 32, 3, 2, 4, 2] 15.54612
== [704, 1, 32, 32, 3, 2, 4, 2] [10, 181, 32, 32, 3, 2, 4, 2] 35.800885
== [704, 1, 32, 32, 3, 2, 4, 2] [40, 45, 32, 32, 3, 2, 4, 2] 10.93148
== [704, 1, 32, 32, 3, 2, 4, 2] [70, 25, 32, 32, 3, 2, 4, 2] 10.42938
== [704, 1, 32, 32, 3, 2, 4, 2] [100, 18, 32, 32, 3, 2, 4, 2] 11.54128
== [704, 1, 32, 32, 3, 2, 4, 2] [130, 13, 32, 32, 3, 2, 4, 2] 12.75968
== [704, 1, 32, 32, 3, 2, 4, 2] [160, 11, 32, 32, 3, 2, 4, 2] 14.18768
== [704, 1, 32, 32, 3, 2, 4, 2] [190, 9, 32, 32, 3, 2, 4, 2] 15.52063
== [704, 1, 32, 32, 3, 2, 4, 2] [220, 8, 32, 32, 3, 2, 4, 2] 16.63508
== [832, 1, 32, 32, 3, 2, 4, 2] [10, 168, 32, 32, 3, 2, 4, 2] 34.74868
== [832, 1, 32, 32, 3, 2, 4, 2] [40, 42, 32, 32, 3, 2, 4, 2] 11.73016
== [832, 1, 32, 32, 3, 2, 4, 2] [70, 24, 32, 32, 3, 2, 4, 2] 11.43994
== [832, 1, 32, 32, 3, 2, 4, 2] [100, 16, 32, 32, 3, 2, 4, 2] 12.49324
== [832, 1, 32, 32, 3, 2, 4, 2] [130, 12, 32, 32, 3, 2, 4, 2] 13.74334
== [832, 1, 32, 32, 3, 2, 4, 2] [160, 10, 32, 32, 3, 2, 4, 2] 15.22704
== [832, 1, 32, 32, 3, 2, 4, 2] [190, 8, 32, 32, 3, 2, 4, 2] 16.45474
== [832, 1, 32, 32, 3, 2, 4, 2] [220, 7, 32, 32, 3, 2, 4, 2] 17.78234
== [960, 1, 32, 32, 3, 2, 4, 2] [10, 156, 32, 32, 3, 2, 4, 2] 33.86118
== [960, 1, 32, 32, 3, 2, 4, 2] [40, 39, 32, 32, 3, 2, 4, 2] 12.52884
== [960, 1, 32, 32, 3, 2, 4, 2] [70, 22, 32, 32, 3, 2, 4, 2] 12.755
== [960, 1, 32, 32, 3, 2, 4, 2] [100, 15, 32, 32, 3, 2, 4, 2] 13.7402
== [960, 1, 32, 32, 3, 2, 4, 2] [130, 12, 32, 32, 3, 2, 4, 2] 14.8323
== [960, 1, 32, 32, 3, 2, 4, 2] [160, 9, 32, 32, 3, 2, 4, 2] 16.352
== [960, 1, 32, 32, 3, 2, 4, 2] [190, 8, 32, 32, 3, 2, 4, 2] 17.5437
== [960, 1, 32, 32, 3, 2, 4, 2] [220, 7, 32, 32, 3, 2, 4, 2] 18.8713
== [64, 1, 32, 32, 3, 2, 4, 4] [10, 245, 32, 32, 3, 2, 4, 4] 39.515455
== [64, 1, 32, 32, 3, 2, 4, 4] [40, 61, 32, 32, 3, 2, 4, 4] 5.71379
== [64, 1, 32, 32, 3, 2, 4, 4] [70, 35, 32, 32, 3, 2, 4, 4] 4.88348
== [64, 1, 32, 32, 3, 2, 4, 4] [100, 24, 32, 32, 3, 2, 4, 4] 4.78348
== [64, 1, 32, 32, 3, 2, 4, 4] [130, 18, 32, 32, 3, 2, 4, 4] 5.32288
== [64, 1, 32, 32, 3, 2, 4, 4] [160, 15, 32, 32, 3, 2, 4, 4] 5.99248
== [64, 1, 32, 32, 3, 2, 4, 4] [190, 12, 32, 32, 3, 2, 4, 4] 6.45698
== [64, 1, 32, 32, 3, 2, 4, 4] [220, 11, 32, 32, 3, 2, 4, 4] 7.39188
== [192, 1, 32, 32, 3, 2, 4, 4] [10, 232, 32, 32, 3, 2, 4, 4] 38.1606
== [192, 1, 32, 32, 3, 2, 4, 4] [40, 58, 32, 32, 3, 2, 4, 4] 6.17302
== [192, 1, 32, 32, 3, 2, 4, 4] [70, 33, 32, 32, 3, 2, 4, 4] 5.37744
== [192, 1, 32, 32, 3, 2, 4, 4] [100, 23, 32, 32, 3, 2, 4, 4] 5.77734
== [192, 1, 32, 32, 3, 2, 4, 4] [130, 17, 32, 32, 3, 2, 4, 4] 5.91159
== [192, 1, 32, 32, 3, 2, 4, 4] [160, 14, 32, 32, 3, 2, 4, 4] 6.52304
== [192, 1, 32, 32, 3, 2, 4, 4] [190, 12, 32, 32, 3, 2, 4, 4] 7.17634
== [192, 1, 32, 32, 3, 2, 4, 4] [220, 10, 32, 32, 3, 2, 4, 4] 8.03864
== [320, 1, 32, 32, 3, 2, 4, 4] [10, 220, 32, 32, 3, 2, 4, 4] 37.0085
== [320, 1, 32, 32, 3, 2, 4, 4] [40, 55, 32, 32, 3, 2, 4, 4] 6.67545
== [320, 1, 32, 32, 3, 2, 4, 4] [70, 31, 32, 32, 3, 2, 4, 4] 6.27265
== [320, 1, 32, 32, 3, 2, 4, 4] [100, 22, 32, 32, 3, 2, 4, 4] 6.3704
== [320, 1, 32, 32, 3, 2, 4, 4] [130, 16, 32, 32, 3, 2, 4, 4] 6.4499
== [320, 1, 32, 32, 3, 2, 4, 4] [160, 13, 32, 32, 3, 2, 4, 4] 7.2688
== [320, 1, 32, 32, 3, 2, 4, 4] [190, 11, 32, 32, 3, 2, 4, 4] 8.1118
== [320, 1, 32, 32, 3, 2, 4, 4] [220, 10, 32, 32, 3, 2, 4, 4] 8.8012
== [448, 1, 32, 32, 3, 2, 4, 4] [10, 207, 32, 32, 3, 2, 4, 4] 35.696845
== [448, 1, 32, 32, 3, 2, 4, 4] [40, 51, 32, 32, 3, 2, 4, 4] 7.09117
== [448, 1, 32, 32, 3, 2, 4, 4] [70, 29, 32, 32, 3, 2, 4, 4] 6.78671
== [448, 1, 32, 32, 3, 2, 4, 4] [100, 20, 32, 32, 3, 2, 4, 4] 6.90396
== [448, 1, 32, 32, 3, 2, 4, 4] [130, 15, 32, 32, 3, 2, 4, 4] 7.31971
== [448, 1, 32, 32, 3, 2, 4, 4] [160, 12, 32, 32, 3, 2, 4, 4] [100, 16, 32, 32, 3, 2, 2, 4] 161.4784
== [832, 1, 32, 32, 3, 2, 2, 4] [130, 12, 32, 32, 3, 2, 2, 4] 166.04664
== [832, 1, 32, 32, 3, 2, 2, 4] [160, 10, 32, 32, 3, 2, 2, 4] 165.34976
== [832, 1, 32, 32, 3, 2, 2, 4] [190, 8, 32, 32, 3, 2, 2, 4] 170.05208
== [832, 1, 32, 32, 3, 2, 2, 4] [220, 7, 32, 32, 3, 2, 2, 4] 173.4456
== [960, 1, 32, 32, 3, 2, 2, 4] [10, 156, 32, 32, 3, 2, 2, 4] 644.79
== [960, 1, 32, 32, 3, 2, 2, 4] [40, 39, 32, 32, 3, 2, 2, 4] 199.53636
== [960, 1, 32, 32, 3, 2, 2, 4] [70, 22, 32, 32, 3, 2, 2, 4] 184.80252
== [960, 1, 32, 32, 3, 2, 2, 4] [100, 15, 32, 32, 3, 2, 2, 4] 178.0533
== [960, 1, 32, 32, 3, 2, 2, 4] [130, 12, 32, 32, 3, 2, 2, 4] 181.82488
== [960, 1, 32, 32, 3, 2, 2, 4] [160, 9, 32, 32, 3, 2, 2, 4] 180.97292
== [960, 1, 32, 32, 3, 2, 2, 4] [190, 8, 32, 32, 3, 2, 2, 4] 185.83032
== [960, 1, 32, 32, 3, 2, 2, 4] [220, 7, 32, 32, 3, 2, 2, 4] 189.22384
== [64, 1, 32, 32, 3, 2, 2, 6] [10, 245, 32, 32, 3, 2, 2, 6] 807.47446
== [64, 1, 32, 32, 3, 2, 2, 6] [40, 61, 32, 32, 3, 2, 2, 6] 151.41698
== [64, 1, 32, 32, 3, 2, 2, 6] [70, 35, 32, 32, 3, 2, 2, 6] 118.67691
== [64, 1, 32, 32, 3, 2, 2, 6] [100, 24, 32, 32, 3, 2, 2, 6] 109.69685333333332
== [64, 1, 32, 32, 3, 2, 2, 6] [130, 18, 32, 32, 3, 2, 2, 6] 111.20416
== [64, 1, 32, 32, 3, 2, 2, 6] [160, 15, 32, 32, 3, 2, 2, 6] 109.71412666666667
== [64, 1, 32, 32, 3, 2, 2, 6] [190, 12, 32, 32, 3, 2, 2, 6] 112.56606666666669
== [64, 1, 32, 32, 3, 2, 2, 6] [220, 11, 32, 32, 3, 2, 2, 6] 114.97576666666666
== [192, 1, 32, 32, 3, 2, 2, 6] [10, 232, 32, 32, 3, 2, 2, 6] 738.1304
== [192, 1, 32, 32, 3, 2, 2, 6] [40, 58, 32, 32, 3, 2, 2, 6] 113.76852
== [192, 1, 32, 32, 3, 2, 2, 6] [70, 33, 32, 32, 3, 2, 2, 6] 82.64694
== [192, 1, 32, 32, 3, 2, 2, 6] [100, 23, 32, 32, 3, 2, 2, 6] 77.44644666666667
== [192, 1, 32, 32, 3, 2, 2, 6] [130, 17, 32, 32, 3, 2, 2, 6] 77.07637
== [192, 1, 32, 32, 3, 2, 2, 6] [160, 14, 32, 32, 3, 2, 2, 6] 75.30802666666666
== [192, 1, 32, 32, 3, 2, 2, 6] [190, 12, 32, 32, 3, 2, 2, 6] 78.42590666666668
== [192, 1, 32, 32, 3, 2, 2, 6] [220, 10, 32, 32, 3, 2, 2, 6] 80.49146666666665
== [320, 1, 32, 32, 3, 2, 2, 6] [10, 220, 32, 32, 3, 2, 2, 6] 718.6692
== [320, 1, 32, 32, 3, 2, 2, 6] [40, 55, 32, 32, 3, 2, 2, 6] 127.1948
== [320, 1, 32, 32, 3, 2, 2, 6] [70, 31, 32, 32, 3, 2, 2, 6] 103.90103
== [320, 1, 32, 32, 3, 2, 2, 6] [100, 22, 32, 32, 3, 2, 2, 6] 93.37554666666668
== [320, 1, 32, 32, 3, 2, 2, 6] [130, 16, 32, 32, 3, 2, 2, 6] 92.7296
== [320, 1, 32, 32, 3, 2, 2, 6] [160, 13, 32, 32, 3, 2, 2, 6] 91.95292666666668
== [320, 1, 32, 32, 3, 2, 2, 6] [190, 11, 32, 32, 3, 2, 2, 6] 95.23627666666668
== [320, 1, 32, 32, 3, 2, 2, 6] [220, 10, 32, 32, 3, 2, 2, 6] 97.07226666666666
== [448, 1, 32, 32, 3, 2, 2, 6] [10, 207, 32, 32, 3, 2, 2, 6] 695.9021
== [448, 1, 32, 32, 3, 2, 2, 6] [40, 51, 32, 32, 3, 2, 2, 6] 140.7326
== [448, 1, 32, 32, 3, 2, 2, 6] [70, 29, 32, 32, 3, 2, 2, 6] 118.0256
== [448, 1, 32, 32, 3, 2, 2, 6] [100, 20, 32, 32, 3, 2, 2, 6] 108.38026666666669
== [448, 1, 32, 32, 3, 2, 2, 6] [130, 15, 32, 32, 3, 2, 2, 6] 109.90483333333331
== [448, 1, 32, 32, 3, 2, 2, 6] [160, 12, 32, 32, 3, 2, 2, 6] 107.54570666666667
== [448, 1, 32, 32, 3, 2, 2, 6] [190, 10, 32, 32, 3, 2, 2, 6] 111.20566666666667
== [448, 1, 32, 32, 3, 2, 2, 6] [220, 9, 32, 32, 3, 2, 2, 6] 113.13767333333332
== [576, 1, 32, 32, 3, 2, 2, 6] [10, 194, 32, 32, 3, 2, 2, 6] 669.42748
== [576, 1, 32, 32, 3, 2, 2, 6] [40, 48, 32, 32, 3, 2, 2, 6] 149.57664
== [576, 1, 32, 32, 3, 2, 2, 6] [70, 27, 32, 32, 3, 2, 2, 6] 129.078
== [576, 1, 32, 32, 3, 2, 2, 6] [100, 19, 32, 32, 3, 2, 2, 6] 121.09286666666668
== [576, 1, 32, 32, 3, 2, 2, 6] [130, 14, 32, 32, 3, 2, 2, 6] 122.04746
== [576, 1, 32, 32, 3, 2, 2, 6] [160, 12, 32, 32, 3, 2, 2, 6] 120.11658666666668
== [576, 1, 32, 32, 3, 2, 2, 6] [190, 10, 32, 32, 3, 2, 2, 6] 123.77654666666668
== [576, 1, 32, 32, 3, 2, 2, 6] [220, 8, 32, 32, 3, 2, 2, 6] 125.41930666666669
== [704, 1, 32, 32, 3, 2, 2, 6] [10, 181, 32, 32, 3, 2, 2, 6] 669.17122
== [704, 1, 32, 32, 3, 2, 2, 6] [40, 45, 32, 32, 3, 2, 2, 6] 170.78362
== [704, 1, 32, 32, 3, 2, 2, 6] [70, 25, 32, 32, 3, 2, 2, 6] 146.41342
== [704, 1, 32, 32, 3, 2, 2, 6] [100, 18, 32, 32, 3, 2, 2, 6] 139.1632666666667
== [704, 1, 32, 32, 3, 2, 2, 6] [130, 13, 32, 32, 3, 2, 2, 6] 141.42284
== [704, 1, 32, 32, 3, 2, 2, 6] [160, 11, 32, 32, 3, 2, 2, 6] 139.64594666666667
== [704, 1, 32, 32, 3, 2, 2, 6] [190, 9, 32, 32, 3, 2, 2, 6] 142.85909333333333
== [704, 1, 32, 32, 3, 2, 2, 6] [220, 8, 32, 32, 3, 2, 2, 6] 144.69674666666668
== [832, 1, 32, 32, 3, 2, 2, 6] [10, 168, 32, 32, 3, 2, 2, 6] 648.00176
== [832, 1, 32, 32, 3, 2, 2, 6] [40, 42, 32, 32, 3, 2, 2, 6] 186.56708
== [832, 1, 32, 32, 3, 2, 2, 6] [70, 24, 32, 32, 3, 2, 2, 6] 164.32736
== [832, 1, 32, 32, 3, 2, 2, 6] [100, 16, 32, 32, 3, 2, 2, 6] 156.9904
== [832, 1, 32, 32, 3, 2, 2, 6] [130, 12, 32, 32, 3, 2, 2, 6] 160.00424
== [832, 1, 32, 32, 3, 2, 2, 6] [160, 10, 32, 32, 3, 2, 2, 6] 158.65722666666667
== [832, 1, 32, 32, 3, 2, 2, 6] [190, 8, 32, 32, 3, 2, 2, 6] 161.80885333333333
== [832, 1, 32, 32, 3, 2, 2, 6] [220, 7, 32, 32, 3, 2, 2, 6] 164.26197333333332
== [960, 1, 32, 32, 3, 2, 2, 6] [10, 156, 32, 32, 3, 2, 2, 6] 644.79
== [960, 1, 32, 32, 3, 2, 2, 6] [40, 39, 32, 32, 3, 2, 2, 6] 199.53636
== [960, 1, 32, 32, 3, 2, 2, 6] [70, 22, 32, 32, 3, 2, 2, 6] 182.89105333333333
== [960, 1, 32, 32, 3, 2, 2, 6] [100, 15, 32, 32, 3, 2, 2, 6] 174.7954333333333
== [960, 1, 32, 32, 3, 2, 2, 6] [130, 12, 32, 32, 3, 2, 2, 6] 175.78248
== [960, 1, 32, 32, 3, 2, 2, 6] [160, 9, 32, 32, 3, 2, 2, 6] 174.24417333333332
== [960, 1, 32, 32, 3, 2, 2, 6] [190, 8, 32, 32, 3, 2, 2, 6] 177.58709333333337
== [960, 1, 32, 32, 3, 2, 2, 6] [220, 7, 32, 32, 3, 2, 2, 6] 180.04021333333333
== [64, 1, 32, 32, 3, 2, 2, 8] [10, 245, 32, 32, 3, 2, 2, 8] 807.47446
== [64, 1, 32, 32, 3, 2, 2, 8] [40, 61, 32, 32, 3, 2, 2, 8] 151.41698
== [64, 1, 32, 32, 3, 2, 2, 8] [70, 35, 32, 32, 3, 2, 2, 8] 118.67691
== [64, 1, 32, 32, 3, 2, 2, 8] [100, 24, 32, 32, 3, 2, 2, 8] 108.33152
== [64, 1, 32, 32, 3, 2, 2, 8] [130, 18, 32, 32, 3, 2, 2, 8] 108.94272
== [64, 1, 32, 32, 3, 2, 2, 8] [160, 15, 32, 32, 3, 2, 2, 8] 107.19706
== [64, 1, 32, 32, 3, 2, 2, 8] [190, 12, 32, 32, 3, 2, 2, 8] 108.951
== [64, 1, 32, 32, 3, 2, 2, 8] [220, 11, 32, 32, 3, 2, 2, 8] 111.0055
== [192, 1, 32, 32, 3, 2, 2, 8] [10, 232, 32, 32, 3, 2, 2, 8] 738.1304
== [192, 1, 32, 32, 3, 2, 2, 8] [40, 58, 32, 32, 3, 2, 2, 8] 113.76852
== [192, 1, 32, 32, 3, 2, 2, 8] [70, 33, 32, 32, 3, 2, 2, 8] 82.64694
== [192, 1, 32, 32, 3, 2, 2, 8] [100, 23, 32, 32, 3, 2, 2, 8] 76.76378
== [192, 1, 32, 32, 3, 2, 2, 8] [130, 17, 32, 32, 3, 2, 2, 8] 74.44021
== [192, 1, 32, 32, 3, 2, 2, 8] [160, 14, 32, 32, 3, 2, 2, 8] 72.47464
== [192, 1, 32, 32, 3, 2, 2, 8] [190, 12, 32, 32, 3, 2, 2, 8] 74.81084
== [192, 1, 32, 32, 3, 2, 2, 8] [220, 10, 32, 32, 3, 2, 2, 8] 76.5212
== [320, 1, 32, 32, 3, 2, 2, 8] [10, 220, 32, 32, 3, 2, 2, 8] 718.6692
== [320, 1, 32, 32, 3, 2, 2, 8] [40, 55, 32, 32, 3, 2, 2, 8] 127.1948
== [320, 1, 32, 32, 3, 2, 2, 8] [70, 31, 32, 32, 3, 2, 2, 8] 103.90103
== [320, 1, 32, 32, 3, 2, 2, 8] [100, 22, 32, 32, 3, 2, 2, 8] 92.69288
== [320, 1, 32, 32, 3, 2, 2, 8] [130, 16, 32, 32, 3, 2, 2, 8] 89.8124
== [320, 1, 32, 32, 3, 2, 2, 8] [160, 13, 32, 32, 3, 2, 2, 8] 88.90866
== [320, 1, 32, 32, 3, 2, 2, 8] [190, 11, 32, 32, 3, 2, 2, 8] 91.62121
== [320, 1, 32, 32, 3, 2, 2, 8] [220, 10, 32, 32, 3, 2, 2, 8] 93.102
== [448, 1, 32, 32, 3, 2, 2, 8] [10, 207, 32, 32, 3, 2, 2, 8] 695.9021
== [448, 1, 32, 32, 3, 2, 2, 8] [40, 51, 32, 32, 3, 2, 2, 8] 140.7326
== [448, 1, 32, 32, 3, 2, 2, 8] [70, 29, 32, 32, 3, 2, 2, 8] 118.0256
== [448, 1, 32, 32, 3, 2, 2, 8] [100, 20, 32, 32, 3, 2, 2, 8] 107.6976
== [448, 1, 32, 32, 3, 2, 2, 8] [130, 15, 32, 32, 3, 2, 2, 8] 108.1299
== [448, 1, 32, 32, 3, 2, 2, 8] [160, 12, 32, 32, 3, 2, 2, 8] 104.50144
== [448, 1, 32, 32, 3, 2, 2, 8] [190, 10, 32, 32, 3, 2, 2, 8] 107.5906
== [448, 1, 32, 32, 3, 2, 2, 8] [220, 9, 32, 32, 3, 2, 2, 8] 109.09114
== [576, 1, 32, 32, 3, 2, 2, 8] [10, 194, 32, 32, 3, 2, 2, 8] 669.42748
== [576, 1, 32, 32, 3, 2, 2, 8] [40, 48, 32, 32, 3, 2, 2, 8] 149.57664
== [576, 1, 32, 32, 3, 2, 2, 8] [70, 27, 32, 32, 3, 2, 2, 8] [832, 1, 32, 32, 5, 2, 2, 4] [100, 16, 32, 32, 3, 2, 2, 4] 183.22448
== [832, 1, 32, 32, 5, 2, 2, 4] [130, 12, 32, 32, 3, 2, 2, 4] 186.84328
== [832, 1, 32, 32, 5, 2, 2, 4] [160, 10, 32, 32, 3, 2, 2, 4] 192.4292
== [832, 1, 32, 32, 5, 2, 2, 4] [190, 8, 32, 32, 3, 2, 2, 4] 198.99302
== [832, 1, 32, 32, 5, 2, 2, 4] [220, 7, 32, 32, 3, 2, 2, 4] 201.46654
== [960, 1, 32, 32, 5, 2, 2, 4] [10, 156, 32, 32, 3, 2, 2, 4] 596.83872
== [960, 1, 32, 32, 5, 2, 2, 4] [40, 39, 32, 32, 3, 2, 2, 4] 225.065955
== [960, 1, 32, 32, 5, 2, 2, 4] [70, 22, 32, 32, 3, 2, 2, 4] 211.4764
== [960, 1, 32, 32, 5, 2, 2, 4] [100, 15, 32, 32, 3, 2, 2, 4] 205.9629
== [960, 1, 32, 32, 5, 2, 2, 4] [130, 12, 32, 32, 3, 2, 2, 4] 209.32328
== [960, 1, 32, 32, 5, 2, 2, 4] [160, 9, 32, 32, 3, 2, 2, 4] 214.89068
== [960, 1, 32, 32, 5, 2, 2, 4] [190, 8, 32, 32, 3, 2, 2, 4] 221.47302
== [960, 1, 32, 32, 5, 2, 2, 4] [220, 7, 32, 32, 3, 2, 2, 4] 223.94654
== [64, 1, 32, 32, 5, 2, 2, 6] [10, 245, 32, 32, 3, 2, 2, 6] 699.39528
== [64, 1, 32, 32, 5, 2, 2, 6] [40, 61, 32, 32, 3, 2, 2, 6] 165.577215
== [64, 1, 32, 32, 5, 2, 2, 6] [70, 35, 32, 32, 3, 2, 2, 6] 141.44173
== [64, 1, 32, 32, 5, 2, 2, 6] [100, 24, 32, 32, 3, 2, 2, 6] 131.97834666666668
== [64, 1, 32, 32, 5, 2, 2, 6] [130, 18, 32, 32, 3, 2, 2, 6] 133.15313333333333
== [64, 1, 32, 32, 5, 2, 2, 6] [160, 15, 32, 32, 3, 2, 2, 6] 136.33358
== [64, 1, 32, 32, 5, 2, 2, 6] [190, 12, 32, 32, 3, 2, 2, 6] 140.13750666666667
== [64, 1, 32, 32, 5, 2, 2, 6] [220, 11, 32, 32, 3, 2, 2, 6] 140.69744666666665
== [192, 1, 32, 32, 5, 2, 2, 6] [10, 232, 32, 32, 3, 2, 2, 6] 636.33984
== [192, 1, 32, 32, 5, 2, 2, 6] [40, 58, 32, 32, 3, 2, 2, 6] 124.67602
== [192, 1, 32, 32, 5, 2, 2, 6] [70, 33, 32, 32, 3, 2, 2, 6] 100.7616
== [192, 1, 32, 32, 5, 2, 2, 6] [100, 23, 32, 32, 3, 2, 2, 6] 95.70930666666668
== [192, 1, 32, 32, 5, 2, 2, 6] [130, 17, 32, 32, 3, 2, 2, 6] 94.86147333333334
== [192, 1, 32, 32, 5, 2, 2, 6] [160, 14, 32, 32, 3, 2, 2, 6] 97.72852
== [192, 1, 32, 32, 5, 2, 2, 6] [190, 12, 32, 32, 3, 2, 2, 6] 101.31830666666669
== [192, 1, 32, 32, 5, 2, 2, 6] [220, 10, 32, 32, 3, 2, 2, 6] 101.76634666666666
== [320, 1, 32, 32, 5, 2, 2, 6] [10, 220, 32, 32, 3, 2, 2, 6] 624.134
== [320, 1, 32, 32, 5, 2, 2, 6] [40, 55, 32, 32, 3, 2, 2, 6] 134.51575
== [320, 1, 32, 32, 5, 2, 2, 6] [70, 31, 32, 32, 3, 2, 2, 6] 115.68224
== [320, 1, 32, 32, 5, 2, 2, 6] [100, 22, 32, 32, 3, 2, 2, 6] 107.40814666666668
== [320, 1, 32, 32, 5, 2, 2, 6] [130, 16, 32, 32, 3, 2, 2, 6] 106.61621333333333
== [320, 1, 32, 32, 5, 2, 2, 6] [160, 13, 32, 32, 3, 2, 2, 6] 110.09478666666668
== [320, 1, 32, 32, 5, 2, 2, 6] [190, 11, 32, 32, 3, 2, 2, 6] 114.47144666666668
== [320, 1, 32, 32, 5, 2, 2, 6] [220, 10, 32, 32, 3, 2, 2, 6] 114.50906666666666
== [448, 1, 32, 32, 5, 2, 2, 6] [10, 207, 32, 32, 3, 2, 2, 6] 612.82886
== [448, 1, 32, 32, 5, 2, 2, 6] [40, 51, 32, 32, 3, 2, 2, 6] 152.811635
== [448, 1, 32, 32, 5, 2, 2, 6] [70, 29, 32, 32, 3, 2, 2, 6] 135.19794
== [448, 1, 32, 32, 5, 2, 2, 6] [100, 20, 32, 32, 3, 2, 2, 6] 127.04898666666668
== [448, 1, 32, 32, 5, 2, 2, 6] [130, 15, 32, 32, 3, 2, 2, 6] 128.3373366666667
== [448, 1, 32, 32, 5, 2, 2, 6] [160, 12, 32, 32, 3, 2, 2, 6] 130.74674666666667
== [448, 1, 32, 32, 5, 2, 2, 6] [190, 10, 32, 32, 3, 2, 2, 6] 135.78858666666667
== [448, 1, 32, 32, 5, 2, 2, 6] [220, 9, 32, 32, 3, 2, 2, 6] 135.50949333333332
== [576, 1, 32, 32, 5, 2, 2, 6] [10, 194, 32, 32, 3, 2, 2, 6] 589.03508
== [576, 1, 32, 32, 5, 2, 2, 6] [40, 48, 32, 32, 3, 2, 2, 6] 158.4192
== [576, 1, 32, 32, 5, 2, 2, 6] [70, 27, 32, 32, 3, 2, 2, 6] 142.49646
== [576, 1, 32, 32, 5, 2, 2, 6] [100, 19, 32, 32, 3, 2, 2, 6] 136.5881466666667
== [576, 1, 32, 32, 5, 2, 2, 6] [130, 14, 32, 32, 3, 2, 2, 6] 137.27018
== [576, 1, 32, 32, 5, 2, 2, 6] [160, 12, 32, 32, 3, 2, 2, 6] 139.6456266666667
== [576, 1, 32, 32, 5, 2, 2, 6] [190, 10, 32, 32, 3, 2, 2, 6] 144.68746666666667
== [576, 1, 32, 32, 5, 2, 2, 6] [220, 8, 32, 32, 3, 2, 2, 6] 144.12373333333332
== [704, 1, 32, 32, 5, 2, 2, 6] [10, 181, 32, 32, 3, 2, 2, 6] 606.13894
== [704, 1, 32, 32, 5, 2, 2, 6] [40, 45, 32, 32, 3, 2, 2, 6] 182.288275
== [704, 1, 32, 32, 5, 2, 2, 6] [70, 25, 32, 32, 3, 2, 2, 6] 163.57875
== [704, 1, 32, 32, 5, 2, 2, 6] [100, 18, 32, 32, 3, 2, 2, 6] 157.84042666666667
== [704, 1, 32, 32, 5, 2, 2, 6] [130, 13, 32, 32, 3, 2, 2, 6] 159.54240333333334
== [704, 1, 32, 32, 5, 2, 2, 6] [160, 11, 32, 32, 3, 2, 2, 6] 162.57858
== [704, 1, 32, 32, 5, 2, 2, 6] [190, 9, 32, 32, 3, 2, 2, 6] 166.70717333333334
== [704, 1, 32, 32, 5, 2, 2, 6] [220, 8, 32, 32, 3, 2, 2, 6] 166.6037333333333
== [832, 1, 32, 32, 5, 2, 2, 6] [10, 168, 32, 32, 3, 2, 2, 6] 593.96432
== [832, 1, 32, 32, 5, 2, 2, 6] [40, 42, 32, 32, 3, 2, 2, 6] 201.79478
== [832, 1, 32, 32, 5, 2, 2, 6] [70, 24, 32, 32, 3, 2, 2, 6] 184.7384
== [832, 1, 32, 32, 5, 2, 2, 6] [100, 16, 32, 32, 3, 2, 2, 6] 179.3739733333333
== [832, 1, 32, 32, 5, 2, 2, 6] [130, 12, 32, 32, 3, 2, 2, 6] 181.13949333333332
== [832, 1, 32, 32, 5, 2, 2, 6] [160, 10, 32, 32, 3, 2, 2, 6] 184.97106666666667
== [832, 1, 32, 32, 5, 2, 2, 6] [190, 8, 32, 32, 3, 2, 2, 6] 188.90101333333337
== [832, 1, 32, 32, 5, 2, 2, 6] [220, 7, 32, 32, 3, 2, 2, 6] 189.50983333333332
== [960, 1, 32, 32, 5, 2, 2, 6] [10, 156, 32, 32, 3, 2, 2, 6] 596.83872
== [960, 1, 32, 32, 5, 2, 2, 6] [40, 39, 32, 32, 3, 2, 2, 6] 225.065955
== [960, 1, 32, 32, 5, 2, 2, 6] [70, 22, 32, 32, 3, 2, 2, 6] 210.52066666666667
== [960, 1, 32, 32, 5, 2, 2, 6] [100, 15, 32, 32, 3, 2, 2, 6] 203.02676666666667
== [960, 1, 32, 32, 5, 2, 2, 6] [130, 12, 32, 32, 3, 2, 2, 6] 203.6194933333333
== [960, 1, 32, 32, 5, 2, 2, 6] [160, 9, 32, 32, 3, 2, 2, 6] 207.02742666666668
== [960, 1, 32, 32, 5, 2, 2, 6] [190, 8, 32, 32, 3, 2, 2, 6] 211.38101333333336
== [960, 1, 32, 32, 5, 2, 2, 6] [220, 7, 32, 32, 3, 2, 2, 6] 211.9898333333333
== [64, 1, 32, 32, 5, 2, 2, 8] [10, 245, 32, 32, 3, 2, 2, 8] 699.39528
== [64, 1, 32, 32, 5, 2, 2, 8] [40, 61, 32, 32, 3, 2, 2, 8] 165.577215
== [64, 1, 32, 32, 5, 2, 2, 8] [70, 35, 32, 32, 3, 2, 2, 8] 141.44173
== [64, 1, 32, 32, 5, 2, 2, 8] [100, 24, 32, 32, 3, 2, 2, 8] 130.78368
== [64, 1, 32, 32, 5, 2, 2, 8] [130, 18, 32, 32, 3, 2, 2, 8] 131.21436
== [64, 1, 32, 32, 5, 2, 2, 8] [160, 15, 32, 32, 3, 2, 2, 8] 133.60878
== [64, 1, 32, 32, 5, 2, 2, 8] [190, 12, 32, 32, 3, 2, 2, 8] 136.01612
== [64, 1, 32, 32, 5, 2, 2, 8] [220, 11, 32, 32, 3, 2, 2, 8] 135.90438
== [192, 1, 32, 32, 5, 2, 2, 8] [10, 232, 32, 32, 3, 2, 2, 8] 636.33984
== [192, 1, 32, 32, 5, 2, 2, 8] [40, 58, 32, 32, 3, 2, 2, 8] 124.67602
== [192, 1, 32, 32, 5, 2, 2, 8] [70, 33, 32, 32, 3, 2, 2, 8] 100.7616
== [192, 1, 32, 32, 5, 2, 2, 8] [100, 23, 32, 32, 3, 2, 2, 8] 95.02664
== [192, 1, 32, 32, 5, 2, 2, 8] [130, 17, 32, 32, 3, 2, 2, 8] 92.63598
== [192, 1, 32, 32, 5, 2, 2, 8] [160, 14, 32, 32, 3, 2, 2, 8] 94.71092
== [192, 1, 32, 32, 5, 2, 2, 8] [190, 12, 32, 32, 3, 2, 2, 8] 97.19692
== [192, 1, 32, 32, 5, 2, 2, 8] [220, 10, 32, 32, 3, 2, 2, 8] 96.97328
== [320, 1, 32, 32, 5, 2, 2, 8] [10, 220, 32, 32, 3, 2, 2, 8] 624.134
== [320, 1, 32, 32, 5, 2, 2, 8] [40, 55, 32, 32, 3, 2, 2, 8] 134.51575
== [320, 1, 32, 32, 5, 2, 2, 8] [70, 31, 32, 32, 3, 2, 2, 8] 115.68224
== [320, 1, 32, 32, 5, 2, 2, 8] [100, 22, 32, 32, 3, 2, 2, 8] 106.72548
== [320, 1, 32, 32, 5, 2, 2, 8] [130, 16, 32, 32, 3, 2, 2, 8] 104.17568
== [320, 1, 32, 32, 5, 2, 2, 8] [160, 13, 32, 32, 3, 2, 2, 8] 107.04284
== [320, 1, 32, 32, 5, 2, 2, 8] [190, 11, 32, 32, 3, 2, 2, 8] 110.48558
== [320, 1, 32, 32, 5, 2, 2, 8] [220, 10, 32, 32, 3, 2, 2, 8] 109.716
== [448, 1, 32, 32, 5, 2, 2, 8] [10, 207, 32, 32, 3, 2, 2, 8] 612.82886
== [448, 1, 32, 32, 5, 2, 2, 8] [40, 51, 32, 32, 3, 2, 2, 8] 152.811635
== [448, 1, 32, 32, 5, 2, 2, 8] [70, 29, 32, 32, 3, 2, 2, 8] 135.19794
== [448, 1, 32, 32, 5, 2, 2, 8] [100, 20, 32, 32, 3, 2, 2, 8] 126.36632
== [448, 1, 32, 32, 5, 2, 2, 8] [130, 15, 32, 32, 3, 2, 2, 8] 126.78427
== [448, 1, 32, 32, 5, 2, 2, 8] [160, 12, 32, 32, 3, 2, 2, 8] 127.55016
== [448, 1, 32, 32, 5, 2, 2, 8] [190, 10, 32, 32, 3, 2, 2, 8] 131.70032
== [448, 1, 32, 32, 5, 2, 2, 8] [220, 9, 32, 32, 3, 2, 2, 8] 130.58032
== [576, 1, 32, 32, 5, 2, 2, 8] [10, 194, 32, 32, 3, 2, 2, 8] 589.03508
== [576, 1, 32, 32, 5, 2, 2, 8] [160, 10, 32, 32, 3, 2, 2, 4] 20.2896
== [832, 1, 32, 32, 3, 2, 2, 4] [190, 8, 32, 32, 3, 2, 2, 4] 21.6473
== [832, 1, 32, 32, 3, 2, 2, 4] [220, 7, 32, 32, 3, 2, 2, 4] 23.1422
== [960, 1, 32, 32, 3, 2, 2, 4] [10, 156, 32, 32, 3, 2, 2, 4] 72.29724
== [960, 1, 32, 32, 3, 2, 2, 4] [40, 39, 32, 32, 3, 2, 2, 4] 22.31835
== [960, 1, 32, 32, 3, 2, 2, 4] [70, 22, 32, 32, 3, 2, 2, 4] 21.01696
== [960, 1, 32, 32, 3, 2, 2, 4] [100, 15, 32, 32, 3, 2, 2, 4] 21.1259
== [960, 1, 32, 32, 3, 2, 2, 4] [130, 12, 32, 32, 3, 2, 2, 4] 20.1103
== [960, 1, 32, 32, 3, 2, 2, 4] [160, 9, 32, 32, 3, 2, 2, 4] 21.652
== [960, 1, 32, 32, 3, 2, 2, 4] [190, 8, 32, 32, 3, 2, 2, 4] 23.1481
== [960, 1, 32, 32, 3, 2, 2, 4] [220, 7, 32, 32, 3, 2, 2, 4] 24.643
== [64, 1, 32, 32, 3, 2, 2, 6] [10, 245, 32, 32, 3, 2, 2, 6] 93.31254
== [64, 1, 32, 32, 3, 2, 2, 6] [40, 61, 32, 32, 3, 2, 2, 6] 14.5949
== [64, 1, 32, 32, 3, 2, 2, 6] [70, 35, 32, 32, 3, 2, 2, 6] 12.30154
== [64, 1, 32, 32, 3, 2, 2, 6] [100, 24, 32, 32, 3, 2, 2, 6] 11.995573333333333
== [64, 1, 32, 32, 3, 2, 2, 6] [130, 18, 32, 32, 3, 2, 2, 6] 10.436393333333333
== [64, 1, 32, 32, 3, 2, 2, 6] [160, 15, 32, 32, 3, 2, 2, 6] 11.603973333333332
== [64, 1, 32, 32, 3, 2, 2, 6] [190, 12, 32, 32, 3, 2, 2, 6] 12.63644
== [64, 1, 32, 32, 3, 2, 2, 6] [220, 11, 32, 32, 3, 2, 2, 6] 13.835573333333333
== [192, 1, 32, 32, 3, 2, 2, 6] [10, 232, 32, 32, 3, 2, 2, 6] 89.47984
== [192, 1, 32, 32, 3, 2, 2, 6] [40, 58, 32, 32, 3, 2, 2, 6] 14.99044
== [192, 1, 32, 32, 3, 2, 2, 6] [70, 33, 32, 32, 3, 2, 2, 6] 13.31175
== [192, 1, 32, 32, 3, 2, 2, 6] [100, 23, 32, 32, 3, 2, 2, 6] 13.5371
== [192, 1, 32, 32, 3, 2, 2, 6] [130, 17, 32, 32, 3, 2, 2, 6] 11.373123333333332
== [192, 1, 32, 32, 3, 2, 2, 6] [160, 14, 32, 32, 3, 2, 2, 6] 12.718493333333333
== [192, 1, 32, 32, 3, 2, 2, 6] [190, 12, 32, 32, 3, 2, 2, 6] 13.68316
== [192, 1, 32, 32, 3, 2, 2, 6] [220, 10, 32, 32, 3, 2, 2, 6] 14.64396
== [320, 1, 32, 32, 3, 2, 2, 6] [10, 220, 32, 32, 3, 2, 2, 6] 89.8358
== [320, 1, 32, 32, 3, 2, 2, 6] [40, 55, 32, 32, 3, 2, 2, 6] 17.90075
== [320, 1, 32, 32, 3, 2, 2, 6] [70, 31, 32, 32, 3, 2, 2, 6] 14.00153
== [320, 1, 32, 32, 3, 2, 2, 6] [100, 22, 32, 32, 3, 2, 2, 6] 14.52496
== [320, 1, 32, 32, 3, 2, 2, 6] [130, 16, 32, 32, 3, 2, 2, 6] 12.663573333333332
== [320, 1, 32, 32, 3, 2, 2, 6] [160, 13, 32, 32, 3, 2, 2, 6] 13.695233333333332
== [320, 1, 32, 32, 3, 2, 2, 6] [190, 11, 32, 32, 3, 2, 2, 6] 14.994543333333333
== [320, 1, 32, 32, 3, 2, 2, 6] [220, 10, 32, 32, 3, 2, 2, 6] 15.995
== [448, 1, 32, 32, 3, 2, 2, 6] [10, 207, 32, 32, 3, 2, 2, 6] 86.24983
== [448, 1, 32, 32, 3, 2, 2, 6] [40, 51, 32, 32, 3, 2, 2, 6] 18.63775
== [448, 1, 32, 32, 3, 2, 2, 6] [70, 29, 32, 32, 3, 2, 2, 6] 14.99332
== [448, 1, 32, 32, 3, 2, 2, 6] [100, 20, 32, 32, 3, 2, 2, 6] 15.5364
== [448, 1, 32, 32, 3, 2, 2, 6] [130, 15, 32, 32, 3, 2, 2, 6] 13.960133333333333
== [448, 1, 32, 32, 3, 2, 2, 6] [160, 12, 32, 32, 3, 2, 2, 6] 15.173733333333333
== [448, 1, 32, 32, 3, 2, 2, 6] [190, 10, 32, 32, 3, 2, 2, 6] 16.2728
== [448, 1, 32, 32, 3, 2, 2, 6] [220, 9, 32, 32, 3, 2, 2, 6] 17.227766666666664
== [576, 1, 32, 32, 3, 2, 2, 6] [10, 194, 32, 32, 3, 2, 2, 6] 82.66386
== [576, 1, 32, 32, 3, 2, 2, 6] [40, 48, 32, 32, 3, 2, 2, 6] 19.3512
== [576, 1, 32, 32, 3, 2, 2, 6] [70, 27, 32, 32, 3, 2, 2, 6] 16.95258
== [576, 1, 32, 32, 3, 2, 2, 6] [100, 19, 32, 32, 3, 2, 2, 6] 17.33736
== [576, 1, 32, 32, 3, 2, 2, 6] [130, 14, 32, 32, 3, 2, 2, 6] 15.536033333333332
== [576, 1, 32, 32, 3, 2, 2, 6] [160, 12, 32, 32, 3, 2, 2, 6] 16.674533333333333
== [576, 1, 32, 32, 3, 2, 2, 6] [190, 10, 32, 32, 3, 2, 2, 6] 17.7736
== [576, 1, 32, 32, 3, 2, 2, 6] [220, 8, 32, 32, 3, 2, 2, 6] 18.723066666666664
== [704, 1, 32, 32, 3, 2, 2, 6] [10, 181, 32, 32, 3, 2, 2, 6] 79.07789
== [704, 1, 32, 32, 3, 2, 2, 6] [40, 45, 32, 32, 3, 2, 2, 6] 20.78465
== [704, 1, 32, 32, 3, 2, 2, 6] [70, 25, 32, 32, 3, 2, 2, 6] 18.14415
== [704, 1, 32, 32, 3, 2, 2, 6] [100, 18, 32, 32, 3, 2, 2, 6] 18.38012
== [704, 1, 32, 32, 3, 2, 2, 6] [130, 13, 32, 32, 3, 2, 2, 6] 16.721083333333333
== [704, 1, 32, 32, 3, 2, 2, 6] [160, 11, 32, 32, 3, 2, 2, 6] 18.171693333333334
== [704, 1, 32, 32, 3, 2, 2, 6] [190, 9, 32, 32, 3, 2, 2, 6] 19.041016666666664
== [704, 1, 32, 32, 3, 2, 2, 6] [220, 8, 32, 32, 3, 2, 2, 6] 20.223866666666666
== [832, 1, 32, 32, 3, 2, 2, 6] [10, 168, 32, 32, 3, 2, 2, 6] 75.49192
== [832, 1, 32, 32, 3, 2, 2, 6] [40, 42, 32, 32, 3, 2, 2, 6] 21.6685
== [832, 1, 32, 32, 3, 2, 2, 6] [70, 24, 32, 32, 3, 2, 2, 6] 19.37536
== [832, 1, 32, 32, 3, 2, 2, 6] [100, 16, 32, 32, 3, 2, 2, 6] 19.734293333333333
== [832, 1, 32, 32, 3, 2, 2, 6] [130, 12, 32, 32, 3, 2, 2, 6] 18.197333333333336
== [832, 1, 32, 32, 3, 2, 2, 6] [160, 10, 32, 32, 3, 2, 2, 6] 19.456933333333332
== [832, 1, 32, 32, 3, 2, 2, 6] [190, 8, 32, 32, 3, 2, 2, 6] 20.53784
== [832, 1, 32, 32, 3, 2, 2, 6] [220, 7, 32, 32, 3, 2, 2, 6] 21.852266666666665
== [960, 1, 32, 32, 3, 2, 2, 6] [10, 156, 32, 32, 3, 2, 2, 6] 72.29724
== [960, 1, 32, 32, 3, 2, 2, 6] [40, 39, 32, 32, 3, 2, 2, 6] 22.31835
== [960, 1, 32, 32, 3, 2, 2, 6] [70, 22, 32, 32, 3, 2, 2, 6] 21.01696
== [960, 1, 32, 32, 3, 2, 2, 6] [100, 15, 32, 32, 3, 2, 2, 6] 20.99523333333333
== [960, 1, 32, 32, 3, 2, 2, 6] [130, 12, 32, 32, 3, 2, 2, 6] 19.698133333333335
== [960, 1, 32, 32, 3, 2, 2, 6] [160, 9, 32, 32, 3, 2, 2, 6] 20.78018
== [960, 1, 32, 32, 3, 2, 2, 6] [190, 8, 32, 32, 3, 2, 2, 6] 22.03864
== [960, 1, 32, 32, 3, 2, 2, 6] [220, 7, 32, 32, 3, 2, 2, 6] 23.353066666666667
== [64, 1, 32, 32, 3, 2, 2, 8] [10, 245, 32, 32, 3, 2, 2, 8] 93.31254
== [64, 1, 32, 32, 3, 2, 2, 8] [40, 61, 32, 32, 3, 2, 2, 8] 14.5949
== [64, 1, 32, 32, 3, 2, 2, 8] [70, 35, 32, 32, 3, 2, 2, 8] 12.30154
== [64, 1, 32, 32, 3, 2, 2, 8] [100, 24, 32, 32, 3, 2, 2, 8] 11.93024
== [64, 1, 32, 32, 3, 2, 2, 8] [130, 18, 32, 32, 3, 2, 2, 8] 10.3789
== [64, 1, 32, 32, 3, 2, 2, 8] [160, 15, 32, 32, 3, 2, 2, 8] 11.49944
== [64, 1, 32, 32, 3, 2, 2, 8] [190, 12, 32, 32, 3, 2, 2, 8] 12.48944
== [64, 1, 32, 32, 3, 2, 2, 8] [220, 11, 32, 32, 3, 2, 2, 8] 13.69184
== [192, 1, 32, 32, 3, 2, 2, 8] [10, 232, 32, 32, 3, 2, 2, 8] 89.47984
== [192, 1, 32, 32, 3, 2, 2, 8] [40, 58, 32, 32, 3, 2, 2, 8] 14.99044
== [192, 1, 32, 32, 3, 2, 2, 8] [70, 33, 32, 32, 3, 2, 2, 8] 13.31175
== [192, 1, 32, 32, 3, 2, 2, 8] [100, 23, 32, 32, 3, 2, 2, 8] 13.5371
== [192, 1, 32, 32, 3, 2, 2, 8] [130, 17, 32, 32, 3, 2, 2, 8] 11.29995
== [192, 1, 32, 32, 3, 2, 2, 8] [160, 14, 32, 32, 3, 2, 2, 8] 12.61396
== [192, 1, 32, 32, 3, 2, 2, 8] [190, 12, 32, 32, 3, 2, 2, 8] 13.53616
== [192, 1, 32, 32, 3, 2, 2, 8] [220, 10, 32, 32, 3, 2, 2, 8] 14.45916
== [320, 1, 32, 32, 3, 2, 2, 8] [10, 220, 32, 32, 3, 2, 2, 8] 89.8358
== [320, 1, 32, 32, 3, 2, 2, 8] [40, 55, 32, 32, 3, 2, 2, 8] 17.90075
== [320, 1, 32, 32, 3, 2, 2, 8] [70, 31, 32, 32, 3, 2, 2, 8] 14.00153
== [320, 1, 32, 32, 3, 2, 2, 8] [100, 22, 32, 32, 3, 2, 2, 8] 14.52496
== [320, 1, 32, 32, 3, 2, 2, 8] [130, 16, 32, 32, 3, 2, 2, 8] 12.57864
== [320, 1, 32, 32, 3, 2, 2, 8] [160, 13, 32, 32, 3, 2, 2, 8] 13.5907
== [320, 1, 32, 32, 3, 2, 2, 8] [190, 11, 32, 32, 3, 2, 2, 8] 14.87041
== [320, 1, 32, 32, 3, 2, 2, 8] [220, 10, 32, 32, 3, 2, 2, 8] 15.8102
== [448, 1, 32, 32, 3, 2, 2, 8] [10, 207, 32, 32, 3, 2, 2, 8] 86.24983
== [448, 1, 32, 32, 3, 2, 2, 8] [40, 51, 32, 32, 3, 2, 2, 8] 18.63775
== [448, 1, 32, 32, 3, 2, 2, 8] [70, 29, 32, 32, 3, 2, 2, 8] 14.99332
== [448, 1, 32, 32, 3, 2, 2, 8] [100, 20, 32, 32, 3, 2, 2, 8] 15.5364
== [448, 1, 32, 32, 3, 2, 2, 8] [130, 15, 32, 32, 3, 2, 2, 8] 13.8752
== [448, 1, 32, 32, 3, 2, 2, 8] [160, 12, 32, 32, 3, 2, 2, 8] 15.0692
== [448, 1, 32, 32, 3, 2, 2, 8] [190, 10, 32, 32, 3, 2, 2, 8] 16.1258
== [448, 1, 32, 32, 3, 2, 2, 8] [220, 9, 32, 32, 3, 2, 2, 8] 16.9898
== [576, 1, 32, 32, 3, 2, 2, 8] [10, 194, 32, 32, 3, 2, 2, 8] 82.66386
== [576, 1, 32, 32, 3, 2, 2, 8] [40, 48, 32, 32, 3, 2, 2, 8] 19.3512
== [576, 1, 32, 32, 3, 2, 2, 8] [70, 27, 32, 32, 3, 2, 2, 8] 16.95258
== [576, 1, 32, 32, 3, 2, 2, 8] [100, 19, 32, 32, 3, 2, 2, 8] 17.33736
== [576, 1, 32, 32, 3, 2, 2, 8] [130, 14, 32, 32, 3, 2, 2, 8] 15.4511
== [576, 1, 32, 32, 3, 2, 2, 8] [160, 12, 32, 32, 3, 2, 2, 8] 16.57
== [576, 1, 32, 32, 3, 2, 2, 8] [190, 10, 32, 32, 3, 2, 2, 8] 7.90256
== [448, 1, 32, 32, 3, 2, 4, 4] [190, 10, 32, 32, 3, 2, 4, 4] 8.81356
== [448, 1, 32, 32, 3, 2, 4, 4] [220, 9, 32, 32, 3, 2, 4, 4] 9.61766
== [576, 1, 32, 32, 3, 2, 4, 4] [10, 194, 32, 32, 3, 2, 4, 4] 34.38519
== [576, 1, 32, 32, 3, 2, 4, 4] [40, 48, 32, 32, 3, 2, 4, 4] 7.5936
== [576, 1, 32, 32, 3, 2, 4, 4] [70, 27, 32, 32, 3, 2, 4, 4] 7.44252
== [576, 1, 32, 32, 3, 2, 4, 4] [100, 19, 32, 32, 3, 2, 4, 4] 7.68152
== [576, 1, 32, 32, 3, 2, 4, 4] [130, 14, 32, 32, 3, 2, 4, 4] 7.92952
== [576, 1, 32, 32, 3, 2, 4, 4] [160, 12, 32, 32, 3, 2, 4, 4] 8.66512
== [576, 1, 32, 32, 3, 2, 4, 4] [190, 10, 32, 32, 3, 2, 4, 4] 9.57612
== [576, 1, 32, 32, 3, 2, 4, 4] [220, 8, 32, 32, 3, 2, 4, 4] 10.20532
== [704, 1, 32, 32, 3, 2, 4, 4] [10, 181, 32, 32, 3, 2, 4, 4] 34.005685
== [704, 1, 32, 32, 3, 2, 4, 4] [40, 45, 32, 32, 3, 2, 4, 4] 8.87903
== [704, 1, 32, 32, 3, 2, 4, 4] [70, 25, 32, 32, 3, 2, 4, 4] 7.94608
== [704, 1, 32, 32, 3, 2, 4, 4] [100, 18, 32, 32, 3, 2, 4, 4] 8.25908
== [704, 1, 32, 32, 3, 2, 4, 4] [130, 13, 32, 32, 3, 2, 4, 4] 8.67778
== [704, 1, 32, 32, 3, 2, 4, 4] [160, 11, 32, 32, 3, 2, 4, 4] 9.57808
== [704, 1, 32, 32, 3, 2, 4, 4] [190, 9, 32, 32, 3, 2, 4, 4] 10.38333
== [704, 1, 32, 32, 3, 2, 4, 4] [220, 8, 32, 32, 3, 2, 4, 4] 10.96788
== [832, 1, 32, 32, 3, 2, 4, 4] [10, 168, 32, 32, 3, 2, 4, 4] 32.62708
== [832, 1, 32, 32, 3, 2, 4, 4] [40, 42, 32, 32, 3, 2, 4, 4] 9.32926
== [832, 1, 32, 32, 3, 2, 4, 4] [70, 24, 32, 32, 3, 2, 4, 4] 8.57914
== [832, 1, 32, 32, 3, 2, 4, 4] [100, 16, 32, 32, 3, 2, 4, 4] 8.73964
== [832, 1, 32, 32, 3, 2, 4, 4] [130, 12, 32, 32, 3, 2, 4, 4] 9.33374
== [832, 1, 32, 32, 3, 2, 4, 4] [160, 10, 32, 32, 3, 2, 4, 4] 10.29104
== [832, 1, 32, 32, 3, 2, 4, 4] [190, 8, 32, 32, 3, 2, 4, 4] 10.98914
== [832, 1, 32, 32, 3, 2, 4, 4] [220, 7, 32, 32, 3, 2, 4, 4] 11.79094
== [960, 1, 32, 32, 3, 2, 4, 4] [10, 156, 32, 32, 3, 2, 4, 4] 31.41318
== [960, 1, 32, 32, 3, 2, 4, 4] [40, 39, 32, 32, 3, 2, 4, 4] 9.78684
== [960, 1, 32, 32, 3, 2, 4, 4] [70, 22, 32, 32, 3, 2, 4, 4] 9.4677
== [960, 1, 32, 32, 3, 2, 4, 4] [100, 15, 32, 32, 3, 2, 4, 4] 9.5892
== [960, 1, 32, 32, 3, 2, 4, 4] [130, 12, 32, 32, 3, 2, 4, 4] 10.0963
== [960, 1, 32, 32, 3, 2, 4, 4] [160, 9, 32, 32, 3, 2, 4, 4] 11.0896
== [960, 1, 32, 32, 3, 2, 4, 4] [190, 8, 32, 32, 3, 2, 4, 4] 11.7517
== [960, 1, 32, 32, 3, 2, 4, 4] [220, 7, 32, 32, 3, 2, 4, 4] 12.5535
== [64, 1, 32, 32, 3, 2, 4, 6] [10, 245, 32, 32, 3, 2, 4, 6] 39.515455
== [64, 1, 32, 32, 3, 2, 4, 6] [40, 61, 32, 32, 3, 2, 4, 6] 5.71379
== [64, 1, 32, 32, 3, 2, 4, 6] [70, 35, 32, 32, 3, 2, 4, 6] 4.711979999999999
== [64, 1, 32, 32, 3, 2, 4, 6] [100, 24, 32, 32, 3, 2, 4, 6] 4.538479999999999
== [64, 1, 32, 32, 3, 2, 4, 6] [130, 18, 32, 32, 3, 2, 4, 6] 5.0043799999999985
== [64, 1, 32, 32, 3, 2, 4, 6] [160, 15, 32, 32, 3, 2, 4, 6] 5.600479999999999
== [64, 1, 32, 32, 3, 2, 4, 6] [190, 12, 32, 32, 3, 2, 4, 6] 5.687479999999999
== [64, 1, 32, 32, 3, 2, 4, 6] [220, 11, 32, 32, 3, 2, 4, 6] 6.34248
== [192, 1, 32, 32, 3, 2, 4, 6] [10, 232, 32, 32, 3, 2, 4, 6] 38.1606
== [192, 1, 32, 32, 3, 2, 4, 6] [40, 58, 32, 32, 3, 2, 4, 6] 6.17302
== [192, 1, 32, 32, 3, 2, 4, 6] [70, 33, 32, 32, 3, 2, 4, 6] 5.205939999999999
== [192, 1, 32, 32, 3, 2, 4, 6] [100, 23, 32, 32, 3, 2, 4, 6] 5.532339999999999
== [192, 1, 32, 32, 3, 2, 4, 6] [130, 17, 32, 32, 3, 2, 4, 6] 5.593089999999999
== [192, 1, 32, 32, 3, 2, 4, 6] [160, 14, 32, 32, 3, 2, 4, 6] 6.105439999999999
== [192, 1, 32, 32, 3, 2, 4, 6] [190, 12, 32, 32, 3, 2, 4, 6] 6.406839999999999
== [192, 1, 32, 32, 3, 2, 4, 6] [220, 10, 32, 32, 3, 2, 4, 6] 6.83084
== [320, 1, 32, 32, 3, 2, 4, 6] [10, 220, 32, 32, 3, 2, 4, 6] 37.0085
== [320, 1, 32, 32, 3, 2, 4, 6] [40, 55, 32, 32, 3, 2, 4, 6] 6.67545
== [320, 1, 32, 32, 3, 2, 4, 6] [70, 31, 32, 32, 3, 2, 4, 6] 6.101149999999999
== [320, 1, 32, 32, 3, 2, 4, 6] [100, 22, 32, 32, 3, 2, 4, 6] 6.125399999999999
== [320, 1, 32, 32, 3, 2, 4, 6] [130, 16, 32, 32, 3, 2, 4, 6] 6.131399999999998
== [320, 1, 32, 32, 3, 2, 4, 6] [160, 13, 32, 32, 3, 2, 4, 6] 6.735999999999999
== [320, 1, 32, 32, 3, 2, 4, 6] [190, 11, 32, 32, 3, 2, 4, 6] 7.205499999999999
== [320, 1, 32, 32, 3, 2, 4, 6] [220, 10, 32, 32, 3, 2, 4, 6] 7.5934
== [448, 1, 32, 32, 3, 2, 4, 6] [10, 207, 32, 32, 3, 2, 4, 6] 35.696845
== [448, 1, 32, 32, 3, 2, 4, 6] [40, 51, 32, 32, 3, 2, 4, 6] 7.09117
== [448, 1, 32, 32, 3, 2, 4, 6] [70, 29, 32, 32, 3, 2, 4, 6] 6.6152099999999985
== [448, 1, 32, 32, 3, 2, 4, 6] [100, 20, 32, 32, 3, 2, 4, 6] 6.658959999999999
== [448, 1, 32, 32, 3, 2, 4, 6] [130, 15, 32, 32, 3, 2, 4, 6] 7.001209999999999
== [448, 1, 32, 32, 3, 2, 4, 6] [160, 12, 32, 32, 3, 2, 4, 6] 7.254559999999999
== [448, 1, 32, 32, 3, 2, 4, 6] [190, 10, 32, 32, 3, 2, 4, 6] 7.770459999999999
== [448, 1, 32, 32, 3, 2, 4, 6] [220, 9, 32, 32, 3, 2, 4, 6] 8.327726666666665
== [576, 1, 32, 32, 3, 2, 4, 6] [10, 194, 32, 32, 3, 2, 4, 6] 34.38519
== [576, 1, 32, 32, 3, 2, 4, 6] [40, 48, 32, 32, 3, 2, 4, 6] 7.5936
== [576, 1, 32, 32, 3, 2, 4, 6] [70, 27, 32, 32, 3, 2, 4, 6] 7.271019999999999
== [576, 1, 32, 32, 3, 2, 4, 6] [100, 19, 32, 32, 3, 2, 4, 6] 7.436519999999999
== [576, 1, 32, 32, 3, 2, 4, 6] [130, 14, 32, 32, 3, 2, 4, 6] 7.590219999999999
== [576, 1, 32, 32, 3, 2, 4, 6] [160, 12, 32, 32, 3, 2, 4, 6] 8.017119999999998
== [576, 1, 32, 32, 3, 2, 4, 6] [190, 10, 32, 32, 3, 2, 4, 6] 8.533019999999999
== [576, 1, 32, 32, 3, 2, 4, 6] [220, 8, 32, 32, 3, 2, 4, 6] 8.915386666666665
== [704, 1, 32, 32, 3, 2, 4, 6] [10, 181, 32, 32, 3, 2, 4, 6] 34.005685
== [704, 1, 32, 32, 3, 2, 4, 6] [40, 45, 32, 32, 3, 2, 4, 6] 8.87903
== [704, 1, 32, 32, 3, 2, 4, 6] [70, 25, 32, 32, 3, 2, 4, 6] 7.7745799999999985
== [704, 1, 32, 32, 3, 2, 4, 6] [100, 18, 32, 32, 3, 2, 4, 6] 8.014079999999998
== [704, 1, 32, 32, 3, 2, 4, 6] [130, 13, 32, 32, 3, 2, 4, 6] 8.244879999999998
== [704, 1, 32, 32, 3, 2, 4, 6] [160, 11, 32, 32, 3, 2, 4, 6] 8.814879999999999
== [704, 1, 32, 32, 3, 2, 4, 6] [190, 9, 32, 32, 3, 2, 4, 6] 9.269296666666666
== [704, 1, 32, 32, 3, 2, 4, 6] [220, 8, 32, 32, 3, 2, 4, 6] 9.677946666666665
== [832, 1, 32, 32, 3, 2, 4, 6] [10, 168, 32, 32, 3, 2, 4, 6] 32.62708
== [832, 1, 32, 32, 3, 2, 4, 6] [40, 42, 32, 32, 3, 2, 4, 6] 9.32926
== [832, 1, 32, 32, 3, 2, 4, 6] [70, 24, 32, 32, 3, 2, 4, 6] 8.40764
== [832, 1, 32, 32, 3, 2, 4, 6] [100, 16, 32, 32, 3, 2, 4, 6] 8.49464
== [832, 1, 32, 32, 3, 2, 4, 6] [130, 12, 32, 32, 3, 2, 4, 6] 8.80724
== [832, 1, 32, 32, 3, 2, 4, 6] [160, 10, 32, 32, 3, 2, 4, 6] 9.41264
== [832, 1, 32, 32, 3, 2, 4, 6] [190, 8, 32, 32, 3, 2, 4, 6] 9.875106666666666
== [832, 1, 32, 32, 3, 2, 4, 6] [220, 7, 32, 32, 3, 2, 4, 6] 10.501006666666665
== [960, 1, 32, 32, 3, 2, 4, 6] [10, 156, 32, 32, 3, 2, 4, 6] 31.41318
== [960, 1, 32, 32, 3, 2, 4, 6] [40, 39, 32, 32, 3, 2, 4, 6] 9.77949
== [960, 1, 32, 32, 3, 2, 4, 6] [70, 22, 32, 32, 3, 2, 4, 6] 9.2962
== [960, 1, 32, 32, 3, 2, 4, 6] [100, 15, 32, 32, 3, 2, 4, 6] 9.3442
== [960, 1, 32, 32, 3, 2, 4, 6] [130, 12, 32, 32, 3, 2, 4, 6] 9.5698
== [960, 1, 32, 32, 3, 2, 4, 6] [160, 9, 32, 32, 3, 2, 4, 6] 10.151466666666666
== [960, 1, 32, 32, 3, 2, 4, 6] [190, 8, 32, 32, 3, 2, 4, 6] 10.637666666666664
== [960, 1, 32, 32, 3, 2, 4, 6] [220, 7, 32, 32, 3, 2, 4, 6] 11.263566666666666
== [64, 1, 32, 32, 3, 2, 4, 8] [10, 245, 32, 32, 3, 2, 4, 8] 39.515455
== [64, 1, 32, 32, 3, 2, 4, 8] [40, 61, 32, 32, 3, 2, 4, 8] 5.71379
== [64, 1, 32, 32, 3, 2, 4, 8] [70, 35, 32, 32, 3, 2, 4, 8] 4.62623
== [64, 1, 32, 32, 3, 2, 4, 8] [100, 24, 32, 32, 3, 2, 4, 8] 4.41598
== [64, 1, 32, 32, 3, 2, 4, 8] [130, 18, 32, 32, 3, 2, 4, 8] 4.84513
== [64, 1, 32, 32, 3, 2, 4, 8] [160, 15, 32, 32, 3, 2, 4, 8] 5.40448
== [64, 1, 32, 32, 3, 2, 4, 8] [190, 12, 32, 32, 3, 2, 4, 8] 5.45473
== [64, 1, 32, 32, 3, 2, 4, 8] [220, 11, 32, 32, 3, 2, 4, 8] 6.07298
== [192, 1, 32, 32, 3, 2, 4, 8] [10, 232, 32, 32, 3, 2, 4, 8] 38.1606
== [192, 1, 32, 32, 3, 2, 4, 8] [40, 58, 32, 32, 3, 2, 4, 8] 6.17302
== [192, 1, 32, 32, 3, 2, 4, 8] [70, 33, 32, 32, 3, 2, 4, 8] 5.12019
== [192, 1, 32, 32, 3, 2, 4, 8] [100, 23, 32, 32, 3, 2, 4, 8] 5.40984
== [192, 1, 32, 32, 3, 2, 4, 8] [130, 17, 32, 32, 3, 2, 4, 8] 5.43384
== [192, 1, 32, 32, 3, 2, 4, 8] [160, 14, 32, 32, 3, 2, 4, 8] 5.90944
== [192, 1, 32, 32, 3, 2, 4, 8]