[10, 252, 32, 32, 11, 2, 2, 2] 107.4465
[10, 252, 32, 32, 11, 2, 2, 4] 107.4465
[10, 252, 32, 32, 11, 2, 2, 6] 107.4465
[10, 252, 32, 32, 11, 2, 2, 8] 107.4465
[10, 252, 32, 32, 11, 2, 4, 2] 75.06765
[10, 252, 32, 32, 11, 2, 4, 4] 75.06765
[10, 252, 32, 32, 11, 2, 4, 6] 75.06765
[10, 252, 32, 32, 11, 2, 4, 8] 75.06765
[10, 252, 32, 32, 11, 2, 6, 2] 66.9774
[10, 252, 32, 32, 11, 2, 6, 4] 66.9774
[10, 252, 32, 32, 11, 2, 6, 6] 66.9774
[10, 252, 32, 32, 11, 2, 6, 8] 66.9774
[10, 252, 32, 32, 11, 2, 8, 2] 65.205
[10, 252, 32, 32, 11, 2, 8, 4] 65.205
[10, 252, 32, 32, 11, 2, 8, 6] 65.205
[10, 252, 32, 32, 11, 4, 2, 2] 100.88442
[10, 252, 32, 32, 11, 4, 2, 4] 100.88442
[10, 252, 32, 32, 11, 4, 2, 6] 100.88442
[10, 252, 32, 32, 11, 4, 2, 8] 100.88442
[10, 252, 32, 32, 11, 4, 4, 2] 53.72325
[10, 252, 32, 32, 11, 4, 4, 4] 53.72325
[10, 252, 32, 32, 11, 4, 4, 6] 53.72325
[10, 252, 32, 32, 11, 4, 4, 8] 53.72325
[10, 252, 32, 32, 11, 4, 6, 2] 42.9303
[10, 252, 32, 32, 11, 4, 6, 4] 42.9303
[10, 252, 32, 32, 11, 4, 6, 6] 42.9303
[10, 252, 32, 32, 11, 4, 8, 2] 37.533825
[10, 252, 32, 32, 11, 4, 8, 4] 37.533825
[10, 252, 32, 32, 11, 6, 2, 2] 100.88442
[10, 252, 32, 32, 11, 6, 2, 4] 100.88442
[10, 252, 32, 32, 11, 6, 2, 6] 100.88442
[10, 252, 32, 32, 11, 6, 2, 8] 100.88442
[10, 252, 32, 32, 11, 6, 4, 2] 50.44221
[10, 252, 32, 32, 11, 6, 4, 4] 50.44221
[10, 252, 32, 32, 11, 6, 4, 6] 50.44221
[10, 252, 32, 32, 11, 6, 6, 2] 35.8155
[10, 252, 32, 32, 11, 6, 6, 4] 35.8155
[10, 252, 32, 32, 11, 6, 8, 2] 30.419025
[10, 252, 32, 32, 11, 8, 2, 2] 100.88442
[10, 252, 32, 32, 11, 8, 2, 4] 100.88442
[10, 252, 32, 32, 11, 8, 2, 6] 100.88442
[10, 252, 32, 32, 11, 8, 4, 2] 50.44221
[10, 252, 32, 32, 11, 8, 4, 4] 50.44221
[10, 252, 32, 32, 11, 8, 6, 2] 33.62814
[20, 126, 32, 32, 11, 2, 2, 2] 49.01715
[20, 126, 32, 32, 11, 2, 2, 4] 49.01715
[20, 126, 32, 32, 11, 2, 2, 6] 49.01715
[20, 126, 32, 32, 11, 2, 2, 8] 49.01715
[20, 126, 32, 32, 11, 2, 4, 2] 42.399
[20, 126, 32, 32, 11, 2, 4, 4] 42.399
[20, 126, 32, 32, 11, 2, 4, 6] 42.399
[20, 126, 32, 32, 11, 2, 4, 8] 42.399
[20, 126, 32, 32, 11, 2, 6, 2] 42.399
[20, 126, 32, 32, 11, 2, 6, 4] 42.399
[20, 126, 32, 32, 11, 2, 6, 6] 42.399
[20, 126, 32, 32, 11, 2, 6, 8] 42.399
[20, 126, 32, 32, 11, 2, 8, 2] 42.399
[20, 126, 32, 32, 11, 2, 8, 4] 42.399
[20, 126, 32, 32, 11, 2, 8, 6] 42.399
[20, 126, 32, 32, 11, 4, 2, 2] 36.82035
[20, 126, 32, 32, 11, 4, 2, 4] 36.82035
[20, 126, 32, 32, 11, 4, 2, 6] 36.82035
[20, 126, 32, 32, 11, 4, 2, 8] 36.82035
[20, 126, 32, 32, 11, 4, 4, 2] 24.508575
[20, 126, 32, 32, 11, 4, 4, 4] 24.508575
[20, 126, 32, 32, 11, 4, 4, 6] 24.508575
[20, 126, 32, 32, 11, 4, 4, 8] 24.508575
[20, 126, 32, 32, 11, 4, 6, 2] 22.027
[20, 126, 32, 32, 11, 4, 6, 4] 22.027
[20, 126, 32, 32, 11, 4, 6, 6] 22.027
[20, 126, 32, 32, 11, 4, 8, 2] 22.027
[20, 126, 32, 32, 11, 4, 8, 4] 22.027
[20, 126, 32, 32, 11, 6, 2, 2] 34.94547
[20, 126, 32, 32, 11, 6, 2, 4] 34.94547
[20, 126, 32, 32, 11, 6, 2, 6] 34.94547
[20, 126, 32, 32, 11, 6, 2, 8] 34.94547
[20, 126, 32, 32, 11, 6, 4, 2] 20.442975
[20, 126, 32, 32, 11, 6, 4, 4] 20.442975
[20, 126, 32, 32, 11, 6, 4, 6] 20.442975
[20, 126, 32, 32, 11, 6, 6, 2] 16.72345
[20, 126, 32, 32, 11, 6, 6, 4] 16.72345
[20, 126, 32, 32, 11, 6, 8, 2] 15.4855
[20, 126, 32, 32, 11, 8, 2, 2] 34.94547
[20, 126, 32, 32, 11, 8, 2, 4] 34.94547
[20, 126, 32, 32, 11, 8, 2, 6] 34.94547
[20, 126, 32, 32, 11, 8, 4, 2] 18.410175
[20, 126, 32, 32, 11, 8, 4, 4] 18.410175
[20, 126, 32, 32, 11, 8, 6, 2] 14.69065
[30, 84, 32, 32, 11, 2, 2, 2] 34.72854
[30, 84, 32, 32, 11, 2, 2, 4] 34.72854
[30, 84, 32, 32, 11, 2, 2, 6] 34.72854
[30, 84, 32, 32, 11, 2, 2, 8] 34.72854
[30, 84, 32, 32, 11, 2, 4, 2] 34.1082
[30, 84, 32, 32, 11, 2, 4, 4] 34.1082
[30, 84, 32, 32, 11, 2, 4, 6] 34.1082
[30, 84, 32, 32, 11, 2, 4, 8] 34.1082
[30, 84, 32, 32, 11, 2, 6, 2] 34.1082
[30, 84, 32, 32, 11, 2, 6, 4] 34.1082
[30, 84, 32, 32, 11, 2, 6, 6] 34.1082
[30, 84, 32, 32, 11, 2, 6, 8] 34.1082
[30, 84, 32, 32, 11, 2, 8, 2] 34.1082
[30, 84, 32, 32, 11, 2, 8, 4] 34.1082
[30, 84, 32, 32, 11, 2, 8, 6] 34.1082
[30, 84, 32, 32, 11, 4, 2, 2] 23.31294
[30, 84, 32, 32, 11, 4, 2, 4] 23.31294
[30, 84, 32, 32, 11, 4, 2, 6] 23.31294
[30, 84, 32, 32, 11, 4, 2, 8] 23.31294
[30, 84, 32, 32, 11, 4, 4, 2] 17.63335
[30, 84, 32, 32, 11, 4, 4, 4] 17.63335
[30, 84, 32, 32, 11, 4, 4, 6] 17.63335
[30, 84, 32, 32, 11, 4, 4, 8] 17.63335
[30, 84, 32, 32, 11, 4, 6, 2] 17.63335
[30, 84, 32, 32, 11, 4, 6, 4] 17.63335
[30, 84, 32, 32, 11, 4, 6, 6] 17.63335
[30, 84, 32, 32, 11, 4, 8, 2] 17.63335
[30, 84, 32, 32, 11, 4, 8, 4] 17.63335
[30, 84, 32, 32, 11, 6, 2, 2] 20.26374
[30, 84, 32, 32, 11, 6, 2, 4] 20.26374
[30, 84, 32, 32, 11, 6, 2, 6] 20.26374
[30, 84, 32, 32, 11, 6, 2, 8] 20.26374
[30, 84, 32, 32, 11, 6, 4, 2] 13.45015
[30, 84, 32, 32, 11, 6, 4, 4] 13.45015
[30, 84, 32, 32, 11, 6, 4, 6] 13.45015
[30, 84, 32, 32, 11, 6, 6, 2] 12.31615
[30, 84, 32, 32, 11, 6, 6, 4] 12.31615
[30, 84, 32, 32, 11, 6, 8, 2] 12.31615
[30, 84, 32, 32, 11, 8, 2, 2] 19.3263
[30, 84, 32, 32, 11, 8, 2, 4] 19.3263
[30, 84, 32, 32, 11, 8, 2, 6] 19.3263
[30, 84, 32, 32, 11, 8, 4, 2] 11.92555
[30, 84, 32, 32, 11, 8, 4, 4] 11.92555
[30, 84, 32, 32, 11, 8, 6, 2] 10.03555
[40, 63, 32, 32, 11, 2, 2, 2] 29.4084
[40, 63, 32, 32, 11, 2, 2, 4] 29.4084
[40, 63, 32, 32, 11, 2, 2, 6] 29.4084
[40, 63, 32, 32, 11, 2, 2, 8] 29.4084
[40, 63, 32, 32, 11, 2, 4, 2] 29.4084
[40, 63, 32, 32, 11, 2, 4, 4] 29.4084
[40, 63, 32, 32, 11, 2, 4, 6] 29.4084
[40, 63, 32, 32, 11, 2, 4, 8] 29.4084
[40, 63, 32, 32, 11, 2, 6, 2] 29.4084
[40, 63, 32, 32, 11, 2, 6, 4] 29.4084
[40, 63, 32, 32, 11, 2, 6, 6] 29.4084
[40, 63, 32, 32, 11, 2, 6, 8] 29.4084
[40, 63, 32, 32, 11, 2, 8, 2] 29.4084
[40, 63, 32, 32, 11, 2, 8, 4] 29.4084
[40, 63, 32, 32, 11, 2, 8, 6] 29.4084
[40, 63, 32, 32, 11, 4, 2, 2] 17.91405
[40, 63, 32, 32, 11, 4, 2, 4] 17.91405
[40, 63, 32, 32, 11, 4, 2, 6] 17.91405
[40, 63, 32, 32, 11, 4, 2, 8] 17.91405
[40, 63, 32, 32, 11, 4, 4, 2] 15.5317
[40, 63, 32, 32, 11, 4, 4, 4] 15.5317
[40, 63, 32, 32, 11, 4, 4, 6] 15.5317
[40, 63, 32, 32, 11, 4, 4, 8] 15.5317
[40, 63, 32, 32, 11, 4, 6, 2] 15.5317
[40, 63, 32, 32, 11, 4, 6, 4] 15.5317
[40, 63, 32, 32, 11, 4, 6, 6] 15.5317
[40, 63, 32, 32, 11, 4, 8, 2] 15.5317
[40, 63, 32, 32, 11, 4, 8, 4] 15.5317
[40, 63, 32, 32, 11, 6, 2, 2] 15.88125
[40, 63, 32, 32, 11, 6, 2, 4] 15.88125
[40, 63, 32, 32, 11, 6, 2, 6] 15.88125
[40, 63, 32, 32, 11, 6, 2, 8] 15.88125
[40, 63, 32, 32, 11, 6, 4, 2] 11.1553
[40, 63, 32, 32, 11, 6, 4, 4] 11.1553
[40, 63, 32, 32, 11, 6, 4, 6] 11.1553
[40, 63, 32, 32, 11, 6, 6, 2] 11.1553
[40, 63, 32, 32, 11, 6, 6, 4] 11.1553
[40, 63, 32, 32, 11, 6, 8, 2] 11.1553
[40, 63, 32, 32, 11, 8, 2, 2] 14.86485
[40, 63, 32, 32, 11, 8, 2, 4] 14.86485
[40, 63, 32, 32, 11, 8, 2, 6] 14.86485
[40, 63, 32, 32, 11, 8, 4, 2] 9.84595
[40, 63, 32, 32, 11, 8, 4, 4] 9.84595
[40, 63, 32, 32, 11, 8, 6, 2] 8.9671
[50, 50, 32, 32, 11, 2, 2, 2] 27.65
[50, 50, 32, 32, 11, 2, 2, 4] 27.65
[50, 50, 32, 32, 11, 2, 2, 6] 27.65
[50, 50, 32, 32, 11, 2, 2, 8] 27.65
[50, 50, 32, 32, 11, 2, 4, 2] 27.65
[50, 50, 32, 32, 11, 2, 4, 4] 27.65
[50, 50, 32, 32, 11, 2, 4, 6] 27.65
[50, 50, 32, 32, 11, 2, 4, 8] 27.65
[50, 50, 32, 32, 11, 2, 6, 2] 27.65
[50, 50, 32, 32, 11, 2, 6, 4] 27.65
[50, 50, 32, 32, 11, 2, 6, 6] 27.65
[50, 50, 32, 32, 11, 2, 6, 8] 27.65
[50, 50, 32, 32, 11, 2, 8, 2] 27.65
[50, 50, 32, 32, 11, 2, 8, 4] 27.65
[50, 50, 32, 32, 11, 2, 8, 6] 27.65
[50, 50, 32, 32, 11, 4, 2, 2] 14.497
[50, 50, 32, 32, 11, 4, 2, 4] 14.497
[50, 50, 32, 32, 11, 4, 2, 6] 14.497
[50, 50, 32, 32, 11, 4, 2, 8] 14.497
[50, 50, 32, 32, 11, 4, 4, 2] 14.497
[50, 50, 32, 32, 11, 4, 4, 4] 14.497
[50, 50, 32, 32, 11, 4, 4, 6] 14.497
[50, 50, 32, 32, 11, 4, 4, 8] 14.497
[50, 50, 32, 32, 11, 4, 6, 2] 14.497
[50, 50, 32, 32, 11, 4, 6, 4] 14.497
[50, 50, 32, 32, 11, 4, 6, 6] 14.497
[50, 50, 32, 32, 11, 4, 8, 2] 14.497
[50, 50, 32, 32, 11, 4, 8, 4] 14.497
[50, 50, 32, 32, 11, 6, 2, 2] 12.480333333333332
[50, 50, 32, 32, 11, 6, 2, 4] 12.480333333333332
[50, 50, 32, 32, 11, 6, 2, 6] 12.480333333333332
[50, 50, 32, 32, 11, 6, 2, 8] 12.480333333333332
[50, 50, 32, 32, 11, 6, 4, 2] 10.305333333333332
[50, 50, 32, 32, 11, 6, 4, 4] 10.305333333333332
[50, 50, 32, 32, 11, 6, 4, 6] 10.305333333333332
[50, 50, 32, 32, 11, 6, 6, 2] 10.305333333333332
[50, 50, 32, 32, 11, 6, 6, 4] 10.305333333333332
[50, 50, 32, 32, 11, 6, 8, 2] 10.305333333333332
[50, 50, 32, 32, 11, 8, 2, 2] 11.472
[50, 50, 32, 32, 11, 8, 2, 4] 11.472
[50, 50, 32, 32, 11, 8, 2, 6] 11.472
[50, 50, 32, 32, 11, 8, 4, 2] 8.2095
[50, 50, 32, 32, 11, 8, 4, 4] 8.2095
[50, 50, 32, 32, 11, 8, 6, 2] 8.2095
[60, 42, 32, 32, 11, 2, 2, 2] 28.3248
[60, 42, 32, 32, 11, 2, 2, 4] 28.3248
[60, 42, 32, 32, 11, 2, 2, 6] 28.3248
[60, 42, 32, 32, 11, 2, 2, 8] 28.3248
[60, 42, 32, 32, 11, 2, 4, 2] 28.3248
[60, 42, 32, 32, 11, 2, 4, 4] 28.3248
[60, 42, 32, 32, 11, 2, 4, 6] 28.3248
[60, 42, 32, 32, 11, 2, 4, 8] 28.3248
[60, 42, 32, 32, 11, 2, 6, 2] 28.3248
[60, 42, 32, 32, 11, 2, 6, 4] 28.3248
[60, 42, 32, 32, 11, 2, 6, 6] 28.3248
[60, 42, 32, 32, 11, 2, 6, 8] 28.3248
[60, 42, 32, 32, 11, 2, 8, 2] 28.3248
[60, 42, 32, 32, 11, 2, 8, 4] 28.3248
[60, 42, 32, 32, 11, 2, 8, 6] 28.3248
[60, 42, 32, 32, 11, 4, 2, 2] 14.8244
[60, 42, 32, 32, 11, 4, 2, 4] 14.8244
[60, 42, 32, 32, 11, 4, 2, 6] 14.8244
[60, 42, 32, 32, 11, 4, 2, 8] 14.8244
[60, 42, 32, 32, 11, 4, 4, 2] 14.8244
[60, 42, 32, 32, 11, 4, 4, 4] 14.8244
[60, 42, 32, 32, 11, 4, 4, 6] 14.8244
[60, 42, 32, 32, 11, 4, 4, 8] 14.8244
[60, 42, 32, 32, 11, 4, 6, 2] 14.8244
[60, 42, 32, 32, 11, 4, 6, 4] 14.8244
[60, 42, 32, 32, 11, 4, 6, 6] 14.8244
[60, 42, 32, 32, 11, 4, 8, 2] 14.8244
[60, 42, 32, 32, 11, 4, 8, 4] 14.8244
[60, 42, 32, 32, 11, 6, 2, 2] 11.6576
[60, 42, 32, 32, 11, 6, 2, 4] 11.6576
[60, 42, 32, 32, 11, 6, 2, 6] 11.6576
[60, 42, 32, 32, 11, 6, 2, 8] 11.6576
[60, 42, 32, 32, 11, 6, 4, 2] 10.5236
[60, 42, 32, 32, 11, 6, 4, 4] 10.5236
[60, 42, 32, 32, 11, 6, 4, 6] 10.5236
[60, 42, 32, 32, 11, 6, 6, 2] 10.5236
[60, 42, 32, 32, 11, 6, 6, 4] 10.5236
[60, 42, 32, 32, 11, 6, 8, 2] 10.5236
[60, 42, 32, 32, 11, 8, 2, 2] 10.6412
[60, 42, 32, 32, 11, 8, 2, 4] 10.6412
[60, 42, 32, 32, 11, 8, 2, 6] 10.6412
[60, 42, 32, 32, 11, 8, 4, 2] 8.3732
[60, 42, 32, 32, 11, 8, 4, 4] 8.3732
[60, 42, 32, 32, 11, 8, 6, 2] 8.3732
[70, 36, 32, 32, 11, 2, 2, 2] 20.6892
[70, 36, 32, 32, 11, 2, 2, 4] 20.6892
[70, 36, 32, 32, 11, 2, 2, 6] 20.6892
[70, 36, 32, 32, 11, 2, 2, 8] 20.6892
[70, 36, 32, 32, 11, 2, 4, 2] 20.6892
[70, 36, 32, 32, 11, 2, 4, 4] 20.6892
[70, 36, 32, 32, 11, 2, 4, 6] 20.6892
[70, 36, 32, 32, 11, 2, 4, 8] 20.6892
[70, 36, 32, 32, 11, 2, 6, 2] 20.6892
[70, 36, 32, 32, 11, 2, 6, 4] 20.6892
[70, 36, 32, 32, 11, 2, 6, 6] 20.6892
[70, 36, 32, 32, 11, 2, 6, 8] 20.6892
[70, 36, 32, 32, 11, 2, 8, 2] 20.6892
[70, 36, 32, 32, 11, 2, 8, 4] 20.6892
[70, 36, 32, 32, 11, 2, 8, 6] 20.6892
[70, 36, 32, 32, 11, 4, 2, 2] 10.8411
[70, 36, 32, 32, 11, 4, 2, 4] 10.8411
[70, 36, 32, 32, 11, 4, 2, 6] 10.8411
[70, 36, 32, 32, 11, 4, 2, 8] 10.8411
[70, 36, 32, 32, 11, 4, 4, 2] 10.8411
[70, 36, 32, 32, 11, 4, 4, 4] 10.8411
[70, 36, 32, 32, 11, 4, 4, 6] 10.8411
[70, 36, 32, 32, 11, 4, 4, 8] 10.8411
[70, 36, 32, 32, 11, 4, 6, 2] 10.8411
[70, 36, 32, 32, 11, 4, 6, 4] 10.8411
[70, 36, 32, 32, 11, 4, 6, 6] 10.8411
[70, 36, 32, 32, 11, 4, 8, 2] 10.8411
[70, 36, 32, 32, 11, 4, 8, 4] 10.8411
[70, 36, 32, 32, 11, 6, 2, 2] 8.0103
[70, 36, 32, 32, 11, 6, 2, 4] 8.0103
[70, 36, 32, 32, 11, 6, 2, 6] 8.0103
[70, 36, 32, 32, 11, 6, 2, 8] 8.0103
[70, 36, 32, 32, 11, 6, 4, 2] 7.7079
[70, 36, 32, 32, 11, 6, 4, 4] 7.7079
[70, 36, 32, 32, 11, 6, 4, 6] 7.7079
[70, 36, 32, 32, 11, 6, 6, 2] 7.7079
[70, 36, 32, 32, 11, 6, 6, 4] 7.7079
[70, 36, 32, 32, 11, 6, 8, 2] 7.7079
[70, 36, 32, 32, 11, 8, 2, 2] 7.5021
[70, 36, 32, 32, 11, 8, 2, 4] 7.5021
[70, 36, 32, 32, 11, 8, 2, 6] 7.5021
[70, 36, 32, 32, 11, 8, 4, 2] 6.1413
[70, 36, 32, 32, 11, 8, 4, 4] 6.1413
[70, 36, 32, 32, 11, 8, 6, 2] 6.1413
[80, 31, 32, 32, 11, 2, 2, 2] 22.5184
[80, 31, 32, 32, 11, 2, 2, 4] 22.5184
[80, 31, 32, 32, 11, 2, 2, 6] 22.5184
[80, 31, 32, 32, 11, 2, 2, 8] 22.5184
[80, 31, 32, 32, 11, 2, 4, 2] 22.5184
[80, 31, 32, 32, 11, 2, 4, 4] 22.5184
[80, 31, 32, 32, 11, 2, 4, 6] 22.5184
[80, 31, 32, 32, 11, 2, 4, 8] 22.5184
[80, 31, 32, 32, 11, 2, 6, 2] 22.5184
[80, 31, 32, 32, 11, 2, 6, 4] 22.5184
[80, 31, 32, 32, 11, 2, 6, 6] 22.5184
[80, 31, 32, 32, 11, 2, 6, 8] 22.5184
[80, 31, 32, 32, 11, 2, 8, 2] 22.5184
[80, 31, 32, 32, 11, 2, 8, 4] 22.5184
[80, 31, 32, 32, 11, 2, 8, 6] 22.5184
[80, 31, 32, 32, 11, 4, 2, 2] 12.02645
[80, 31, 32, 32, 11, 4, 2, 4] 12.02645
[80, 31, 32, 32, 11, 4, 2, 6] 12.02645
[80, 31, 32, 32, 11, 4, 2, 8] 12.02645
[80, 31, 32, 32, 11, 4, 4, 2] 12.02645
[80, 31, 32, 32, 11, 4, 4, 4] 12.02645
[80, 31, 32, 32, 11, 4, 4, 6] 12.02645
[80, 31, 32, 32, 11, 4, 4, 8] 12.02645
[80, 31, 32, 32, 11, 4, 6, 2] 12.02645
[80, 31, 32, 32, 11, 4, 6, 4] 12.02645
[80, 31, 32, 32, 11, 4, 6, 6] 12.02645
[80, 31, 32, 32, 11, 4, 8, 2] 12.02645
[80, 31, 32, 32, 11, 4, 8, 4] 12.02645
[80, 31, 32, 32, 11, 6, 2, 2] 8.738383333333333
[80, 31, 32, 32, 11, 6, 2, 4] 8.738383333333333
[80, 31, 32, 32, 11, 6, 2, 6] 8.738383333333333
[80, 31, 32, 32, 11, 6, 2, 8] 8.738383333333333
[80, 31, 32, 32, 11, 6, 4, 2] 8.738383333333333
[80, 31, 32, 32, 11, 6, 4, 4] 8.738383333333333
[80, 31, 32, 32, 11, 6, 4, 6] 8.738383333333333
[80, 31, 32, 32, 11, 6, 6, 2] 8.738383333333333
[80, 31, 32, 32, 11, 6, 6, 4] 8.738383333333333
[80, 31, 32, 32, 11, 6, 8, 2] 8.738383333333333
[80, 31, 32, 32, 11, 8, 2, 2] 7.952275
[80, 31, 32, 32, 11, 8, 2, 4] 7.952275
[80, 31, 32, 32, 11, 8, 2, 6] 7.952275
[80, 31, 32, 32, 11, 8, 4, 2] 7.09435
[80, 31, 32, 32, 11, 8, 4, 4] 7.09435
[80, 31, 32, 32, 11, 8, 6, 2] 7.09435
[90, 28, 32, 32, 11, 2, 2, 2] 21.0672
[90, 28, 32, 32, 11, 2, 2, 4] 21.0672
[90, 28, 32, 32, 11, 2, 2, 6] 21.0672
[90, 28, 32, 32, 11, 2, 2, 8] 21.0672
[90, 28, 32, 32, 11, 2, 4, 2] 21.0672
[90, 28, 32, 32, 11, 2, 4, 4] 21.0672
[90, 28, 32, 32, 11, 2, 4, 6] 21.0672
[90, 28, 32, 32, 11, 2, 4, 8] 21.0672
[90, 28, 32, 32, 11, 2, 6, 2] 21.0672
[90, 28, 32, 32, 11, 2, 6, 4] 21.0672
[90, 28, 32, 32, 11, 2, 6, 6] 21.0672
[90, 28, 32, 32, 11, 2, 6, 8] 21.0672
[90, 28, 32, 32, 11, 2, 8, 2] 21.0672
[90, 28, 32, 32, 11, 2, 8, 4] 21.0672
[90, 28, 32, 32, 11, 2, 8, 6] 21.0672
[90, 28, 32, 32, 11, 4, 2, 2] 11.27835
[90, 28, 32, 32, 11, 4, 2, 4] 11.27835
[90, 28, 32, 32, 11, 4, 2, 6] 11.27835
[90, 28, 32, 32, 11, 4, 2, 8] 11.27835
[90, 28, 32, 32, 11, 4, 4, 2] 11.27835
[90, 28, 32, 32, 11, 4, 4, 4] 11.27835
[90, 28, 32, 32, 11, 4, 4, 6] 11.27835
[90, 28, 32, 32, 11, 4, 4, 8] 11.27835
[90, 28, 32, 32, 11, 4, 6, 2] 11.27835
[90, 28, 32, 32, 11, 4, 6, 4] 11.27835
[90, 28, 32, 32, 11, 4, 6, 6] 11.27835
[90, 28, 32, 32, 11, 4, 8, 2] 11.27835
[90, 28, 32, 32, 11, 4, 8, 4] 11.27835
[90, 28, 32, 32, 11, 6, 2, 2] 8.23965
[90, 28, 32, 32, 11, 6, 2, 4] 8.23965
[90, 28, 32, 32, 11, 6, 2, 6] 8.23965
[90, 28, 32, 32, 11, 6, 2, 8] 8.23965
[90, 28, 32, 32, 11, 6, 4, 2] 8.23965
[90, 28, 32, 32, 11, 6, 4, 4] 8.23965
[90, 28, 32, 32, 11, 6, 4, 6] 8.23965
[90, 28, 32, 32, 11, 6, 6, 2] 8.23965
[90, 28, 32, 32, 11, 6, 6, 4] 8.23965
[90, 28, 32, 32, 11, 6, 8, 2] 8.23965
[90, 28, 32, 32, 11, 8, 2, 2] 7.05735
[90, 28, 32, 32, 11, 8, 2, 4] 7.05735
[90, 28, 32, 32, 11, 8, 2, 6] 7.05735
[90, 28, 32, 32, 11, 8, 4, 2] 6.7203
[90, 28, 32, 32, 11, 8, 4, 4] 6.7203
[90, 28, 32, 32, 11, 8, 6, 2] 6.7203
[100, 25, 32, 32, 11, 2, 2, 2] 20.6375
[100, 25, 32, 32, 11, 2, 2, 4] 20.6375
[100, 25, 32, 32, 11, 2, 2, 6] 20.6375
[100, 25, 32, 32, 11, 2, 2, 8] 20.6375
[100, 25, 32, 32, 11, 2, 4, 2] 20.6375
[100, 25, 32, 32, 11, 2, 4, 4] 20.6375
[100, 25, 32, 32, 11, 2, 4, 6] 20.6375
[100, 25, 32, 32, 11, 2, 4, 8] 20.6375
[100, 25, 32, 32, 11, 2, 6, 2] 20.6375
[100, 25, 32, 32, 11, 2, 6, 4] 20.6375
[100, 25, 32, 32, 11, 2, 6, 6] 20.6375
[100, 25, 32, 32, 11, 2, 6, 8] 20.6375
[100, 25, 32, 32, 11, 2, 8, 2] 20.6375
[100, 25, 32, 32, 11, 2, 8, 4] 20.6375
[100, 25, 32, 32, 11, 2, 8, 6] 20.6375
[100, 25, 32, 32, 11, 4, 2, 2] 10.82275
[100, 25, 32, 32, 11, 4, 2, 4] 10.82275
[100, 25, 32, 32, 11, 4, 2, 6] 10.82275
[100, 25, 32, 32, 11, 4, 2, 8] 10.82275
[100, 25, 32, 32, 11, 4, 4, 2] 10.82275
[100, 25, 32, 32, 11, 4, 4, 4] 10.82275
[100, 25, 32, 32, 11, 4, 4, 6] 10.82275
[100, 25, 32, 32, 11, 4, 4, 8] 10.82275
[100, 25, 32, 32, 11, 4, 6, 2] 10.82275
[100, 25, 32, 32, 11, 4, 6, 4] 10.82275
[100, 25, 32, 32, 11, 4, 6, 6] 10.82275
[100, 25, 32, 32, 11, 4, 8, 2] 10.82275
[100, 25, 32, 32, 11, 4, 8, 4] 10.82275
[100, 25, 32, 32, 11, 6, 2, 2] 7.695666666666666
[100, 25, 32, 32, 11, 6, 2, 4] 7.695666666666666
[100, 25, 32, 32, 11, 6, 2, 6] 7.695666666666666
[100, 25, 32, 32, 11, 6, 2, 8] 7.695666666666666
[100, 25, 32, 32, 11, 6, 4, 2] 7.695666666666666
[100, 25, 32, 32, 11, 6, 4, 4] 7.695666666666666
[100, 25, 32, 32, 11, 6, 4, 6] 7.695666666666666
[100, 25, 32, 32, 11, 6, 6, 2] 7.695666666666666
[100, 25, 32, 32, 11, 6, 6, 4] 7.695666666666666
[100, 25, 32, 32, 11, 6, 8, 2] 7.695666666666666
[100, 25, 32, 32, 11, 8, 2, 2] 6.132125
[100, 25, 32, 32, 11, 8, 2, 4] 6.132125
[100, 25, 32, 32, 11, 8, 2, 6] 6.132125
[100, 25, 32, 32, 11, 8, 4, 2] 6.132125
[100, 25, 32, 32, 11, 8, 4, 4] 6.132125
[100, 25, 32, 32, 11, 8, 6, 2] 6.132125
[110, 22, 32, 32, 11, 2, 2, 2] 21.3928
[110, 22, 32, 32, 11, 2, 2, 4] 21.3928
[110, 22, 32, 32, 11, 2, 2, 6] 21.3928
[110, 22, 32, 32, 11, 2, 2, 8] 21.3928
[110, 22, 32, 32, 11, 2, 4, 2] 21.3928
[110, 22, 32, 32, 11, 2, 4, 4] 21.3928
[110, 22, 32, 32, 11, 2, 4, 6] 21.3928
[110, 22, 32, 32, 11, 2, 4, 8] 21.3928
[110, 22, 32, 32, 11, 2, 6, 2] 21.3928
[110, 22, 32, 32, 11, 2, 6, 4] 21.3928
[110, 22, 32, 32, 11, 2, 6, 6] 21.3928
[110, 22, 32, 32, 11, 2, 6, 8] 21.3928
[110, 22, 32, 32, 11, 2, 8, 2] 21.3928
[110, 22, 32, 32, 11, 2, 8, 4] 21.3928
[110, 22, 32, 32, 11, 2, 8, 6] 21.3928
[110, 22, 32, 32, 11, 4, 2, 2] 11.2304
[110, 22, 32, 32, 11, 4, 2, 4] 11.2304
[110, 22, 32, 32, 11, 4, 2, 6] 11.2304
[110, 22, 32, 32, 11, 4, 2, 8] 11.2304
[110, 22, 32, 32, 11, 4, 4, 2] 11.2304
[110, 22, 32, 32, 11, 4, 4, 4] 11.2304
[110, 22, 32, 32, 11, 4, 4, 6] 11.2304
[110, 22, 32, 32, 11, 4, 4, 8] 11.2304
[110, 22, 32, 32, 11, 4, 6, 2] 11.2304
[110, 22, 32, 32, 11, 4, 6, 4] 11.2304
[110, 22, 32, 32, 11, 4, 6, 6] 11.2304
[110, 22, 32, 32, 11, 4, 8, 2] 11.2304
[110, 22, 32, 32, 11, 4, 8, 4] 11.2304
[110, 22, 32, 32, 11, 6, 2, 2] 7.967433333333334
[110, 22, 32, 32, 11, 6, 2, 4] 7.967433333333334
[110, 22, 32, 32, 11, 6, 2, 6] 7.967433333333334
[110, 22, 32, 32, 11, 6, 2, 8] 7.967433333333334
[110, 22, 32, 32, 11, 6, 4, 2] 7.967433333333334
[110, 22, 32, 32, 11, 6, 4, 4] 7.967433333333334
[110, 22, 32, 32, 11, 6, 4, 6] 7.967433333333334
[110, 22, 32, 32, 11, 6, 6, 2] 7.967433333333334
[110, 22, 32, 32, 11, 6, 6, 4] 7.967433333333334
[110, 22, 32, 32, 11, 6, 8, 2] 7.967433333333334
[110, 22, 32, 32, 11, 8, 2, 2] 6.33595
[110, 22, 32, 32, 11, 8, 2, 4] 6.33595
[110, 22, 32, 32, 11, 8, 2, 6] 6.33595
[110, 22, 32, 32, 11, 8, 4, 2] 6.33595
[110, 22, 32, 32, 11, 8, 4, 4] 6.33595
[110, 22, 32, 32, 11, 8, 6, 2] 6.33595
[120, 21, 32, 32, 11, 2, 2, 2] 24.0408
[120, 21, 32, 32, 11, 2, 2, 4] 24.0408
[120, 21, 32, 32, 11, 2, 2, 6] 24.0408
[120, 21, 32, 32, 11, 2, 2, 8] 24.0408
[120, 21, 32, 32, 11, 2, 4, 2] 24.0408
[120, 21, 32, 32, 11, 2, 4, 4] 24.0408
[120, 21, 32, 32, 11, 2, 4, 6] 24.0408
[120, 21, 32, 32, 11, 2, 4, 8] 24.0408
[120, 21, 32, 32, 11, 2, 6, 2] 24.0408
[120, 21, 32, 32, 11, 2, 6, 4] 24.0408
[120, 21, 32, 32, 11, 2, 6, 6] 24.0408
[120, 21, 32, 32, 11, 2, 6, 8] 24.0408
[120, 21, 32, 32, 11, 2, 8, 2] 24.0408
[120, 21, 32, 32, 11, 2, 8, 4] 24.0408
[120, 21, 32, 32, 11, 2, 8, 6] 24.0408
[120, 21, 32, 32, 11, 4, 2, 2] 12.6824
[120, 21, 32, 32, 11, 4, 2, 4] 12.6824
[120, 21, 32, 32, 11, 4, 2, 6] 12.6824
[120, 21, 32, 32, 11, 4, 2, 8] 12.6824
[120, 21, 32, 32, 11, 4, 4, 2] 12.6824
[120, 21, 32, 32, 11, 4, 4, 4] 12.6824
[120, 21, 32, 32, 11, 4, 4, 6] 12.6824
[120, 21, 32, 32, 11, 4, 4, 8] 12.6824
[120, 21, 32, 32, 11, 4, 6, 2] 12.6824
[120, 21, 32, 32, 11, 4, 6, 4] 12.6824
[120, 21, 32, 32, 11, 4, 6, 6] 12.6824
[120, 21, 32, 32, 11, 4, 8, 2] 12.6824
[120, 21, 32, 32, 11, 4, 8, 4] 12.6824
[120, 21, 32, 32, 11, 6, 2, 2] 9.0956
[120, 21, 32, 32, 11, 6, 2, 4] 9.0956
[120, 21, 32, 32, 11, 6, 2, 6] 9.0956
[120, 21, 32, 32, 11, 6, 2, 8] 9.0956
[120, 21, 32, 32, 11, 6, 4, 2] 9.0956
[120, 21, 32, 32, 11, 6, 4, 4] 9.0956
[120, 21, 32, 32, 11, 6, 4, 6] 9.0956
[120, 21, 32, 32, 11, 6, 6, 2] 9.0956
[120, 21, 32, 32, 11, 6, 6, 4] 9.0956
[120, 21, 32, 32, 11, 6, 8, 2] 9.0956
[120, 21, 32, 32, 11, 8, 2, 2] 7.3022
[120, 21, 32, 32, 11, 8, 2, 4] 7.3022
[120, 21, 32, 32, 11, 8, 2, 6] 7.3022
[120, 21, 32, 32, 11, 8, 4, 2] 7.3022
[120, 21, 32, 32, 11, 8, 4, 4] 7.3022
[120, 21, 32, 32, 11, 8, 6, 2] 7.3022
[130, 19, 32, 32, 11, 2, 2, 2] 19.89585
[130, 19, 32, 32, 11, 2, 2, 4] 19.89585
[130, 19, 32, 32, 11, 2, 2, 6] 19.89585
[130, 19, 32, 32, 11, 2, 2, 8] 19.89585
[130, 19, 32, 32, 11, 2, 4, 2] 19.89585
[130, 19, 32, 32, 11, 2, 4, 4] 19.89585
[130, 19, 32, 32, 11, 2, 4, 6] 19.89585
[130, 19, 32, 32, 11, 2, 4, 8] 19.89585
[130, 19, 32, 32, 11, 2, 6, 2] 19.89585
[130, 19, 32, 32, 11, 2, 6, 4] 19.89585
[130, 19, 32, 32, 11, 2, 6, 6] 19.89585
[130, 19, 32, 32, 11, 2, 6, 8] 19.89585
[130, 19, 32, 32, 11, 2, 8, 2] 19.89585
[130, 19, 32, 32, 11, 2, 8, 4] 19.89585
[130, 19, 32, 32, 11, 2, 8, 6] 19.89585
[130, 19, 32, 32, 11, 4, 2, 2] 10.634925
[130, 19, 32, 32, 11, 4, 2, 4] 10.634925
[130, 19, 32, 32, 11, 4, 2, 6] 10.634925
[130, 19, 32, 32, 11, 4, 2, 8] 10.634925
[130, 19, 32, 32, 11, 4, 4, 2] 10.634925
[130, 19, 32, 32, 11, 4, 4, 4] 10.634925
[130, 19, 32, 32, 11, 4, 4, 6] 10.634925
[130, 19, 32, 32, 11, 4, 4, 8] 10.634925
[130, 19, 32, 32, 11, 4, 6, 2] 10.634925
[130, 19, 32, 32, 11, 4, 6, 4] 10.634925
[130, 19, 32, 32, 11, 4, 6, 6] 10.634925
[130, 19, 32, 32, 11, 4, 8, 2] 10.634925
[130, 19, 32, 32, 11, 4, 8, 4] 10.634925
[130, 19, 32, 32, 11, 6, 2, 2] 7.730616666666666
[130, 19, 32, 32, 11, 6, 2, 4] 7.730616666666666
[130, 19, 32, 32, 11, 6, 2, 6] 7.730616666666666
[130, 19, 32, 32, 11, 6, 2, 8] 7.730616666666666
[130, 19, 32, 32, 11, 6, 4, 2] 7.730616666666666
[130, 19, 32, 32, 11, 6, 4, 4] 7.730616666666666
[130, 19, 32, 32, 11, 6, 4, 6] 7.730616666666666
[130, 19, 32, 32, 11, 6, 6, 2] 7.730616666666666
[130, 19, 32, 32, 11, 6, 6, 4] 7.730616666666666
[130, 19, 32, 32, 11, 6, 8, 2] 7.730616666666666
[130, 19, 32, 32, 11, 8, 2, 2] 6.2784625
[130, 19, 32, 32, 11, 8, 2, 4] 6.2784625
[130, 19, 32, 32, 11, 8, 2, 6] 6.2784625
[130, 19, 32, 32, 11, 8, 4, 2] 6.2784625
[130, 19, 32, 32, 11, 8, 4, 4] 6.2784625
[130, 19, 32, 32, 11, 8, 6, 2] 6.2784625
[140, 18, 32, 32, 11, 2, 2, 2] 20.7522
[140, 18, 32, 32, 11, 2, 2, 4] 20.7522
[140, 18, 32, 32, 11, 2, 2, 6] 20.7522
[140, 18, 32, 32, 11, 2, 2, 8] 20.7522
[140, 18, 32, 32, 11, 2, 4, 2] 20.7522
[140, 18, 32, 32, 11, 2, 4, 4] 20.7522
[140, 18, 32, 32, 11, 2, 4, 6] 20.7522
[140, 18, 32, 32, 11, 2, 4, 8] 20.7522
[140, 18, 32, 32, 11, 2, 6, 2] 20.7522
[140, 18, 32, 32, 11, 2, 6, 4] 20.7522
[140, 18, 32, 32, 11, 2, 6, 6] 20.7522
[140, 18, 32, 32, 11, 2, 6, 8] 20.7522
[140, 18, 32, 32, 11, 2, 8, 2] 20.7522
[140, 18, 32, 32, 11, 2, 8, 4] 20.7522
[140, 18, 32, 32, 11, 2, 8, 6] 20.7522
[140, 18, 32, 32, 11, 4, 2, 2] 11.0381
[140, 18, 32, 32, 11, 4, 2, 4] 11.0381
[140, 18, 32, 32, 11, 4, 2, 6] 11.0381
[140, 18, 32, 32, 11, 4, 2, 8] 11.0381
[140, 18, 32, 32, 11, 4, 4, 2] 11.0381
[140, 18, 32, 32, 11, 4, 4, 4] 11.0381
[140, 18, 32, 32, 11, 4, 4, 6] 11.0381
[140, 18, 32, 32, 11, 4, 4, 8] 11.0381
[140, 18, 32, 32, 11, 4, 6, 2] 11.0381
[140, 18, 32, 32, 11, 4, 6, 4] 11.0381
[140, 18, 32, 32, 11, 4, 6, 6] 11.0381
[140, 18, 32, 32, 11, 4, 8, 2] 11.0381
[140, 18, 32, 32, 11, 4, 8, 4] 11.0381
[140, 18, 32, 32, 11, 6, 2, 2] 7.9994
[140, 18, 32, 32, 11, 6, 2, 4] 7.9994
[140, 18, 32, 32, 11, 6, 2, 6] 7.9994
[140, 18, 32, 32, 11, 6, 2, 8] 7.9994
[140, 18, 32, 32, 11, 6, 4, 2] 7.9994
[140, 18, 32, 32, 11, 6, 4, 4] 7.9994
[140, 18, 32, 32, 11, 6, 4, 6] 7.9994
[140, 18, 32, 32, 11, 6, 6, 2] 7.9994
[140, 18, 32, 32, 11, 6, 6, 4] 7.9994
[140, 18, 32, 32, 11, 6, 8, 2] 7.9994
[140, 18, 32, 32, 11, 8, 2, 2] 6.48005
[140, 18, 32, 32, 11, 8, 2, 4] 6.48005
[140, 18, 32, 32, 11, 8, 2, 6] 6.48005
[140, 18, 32, 32, 11, 8, 4, 2] 6.48005
[140, 18, 32, 32, 11, 8, 4, 4] 6.48005
[140, 18, 32, 32, 11, 8, 6, 2] 6.48005
[150, 16, 32, 32, 11, 2, 2, 2] 20.736
[150, 16, 32, 32, 11, 2, 2, 4] 20.736
[150, 16, 32, 32, 11, 2, 2, 6] 20.736
[150, 16, 32, 32, 11, 2, 2, 8] 20.736
[150, 16, 32, 32, 11, 2, 4, 2] 20.736
[150, 16, 32, 32, 11, 2, 4, 4] 20.736
[150, 16, 32, 32, 11, 2, 4, 6] 20.736
[150, 16, 32, 32, 11, 2, 4, 8] 20.736
[150, 16, 32, 32, 11, 2, 6, 2] 20.736
[150, 16, 32, 32, 11, 2, 6, 4] 20.736
[150, 16, 32, 32, 11, 2, 6, 6] 20.736
[150, 16, 32, 32, 11, 2, 6, 8] 20.736
[150, 16, 32, 32, 11, 2, 8, 2] 20.736
[150, 16, 32, 32, 11, 2, 8, 4] 20.736
[150, 16, 32, 32, 11, 2, 8, 6] 20.736
[150, 16, 32, 32, 11, 4, 2, 2] 11.09
[150, 16, 32, 32, 11, 4, 2, 4] 11.09
[150, 16, 32, 32, 11, 4, 2, 6] 11.09
[150, 16, 32, 32, 11, 4, 2, 8] 11.09
[150, 16, 32, 32, 11, 4, 4, 2] 11.09
[150, 16, 32, 32, 11, 4, 4, 4] 11.09
[150, 16, 32, 32, 11, 4, 4, 6] 11.09
[150, 16, 32, 32, 11, 4, 4, 8] 11.09
[150, 16, 32, 32, 11, 4, 6, 2] 11.09
[150, 16, 32, 32, 11, 4, 6, 4] 11.09
[150, 16, 32, 32, 11, 4, 6, 6] 11.09
[150, 16, 32, 32, 11, 4, 8, 2] 11.09
[150, 16, 32, 32, 11, 4, 8, 4] 11.09
[150, 16, 32, 32, 11, 6, 2, 2] 8.034
[150, 16, 32, 32, 11, 6, 2, 4] 8.034
[150, 16, 32, 32, 11, 6, 2, 6] 8.034
[150, 16, 32, 32, 11, 6, 2, 8] 8.034
[150, 16, 32, 32, 11, 6, 4, 2] 8.034
[150, 16, 32, 32, 11, 6, 4, 4] 8.034
[150, 16, 32, 32, 11, 6, 4, 6] 8.034
[150, 16, 32, 32, 11, 6, 6, 2] 8.034
[150, 16, 32, 32, 11, 6, 6, 4] 8.034
[150, 16, 32, 32, 11, 6, 8, 2] 8.034
[150, 16, 32, 32, 11, 8, 2, 2] 6.506
[150, 16, 32, 32, 11, 8, 2, 4] 6.506
[150, 16, 32, 32, 11, 8, 2, 6] 6.506
[150, 16, 32, 32, 11, 8, 4, 2] 6.506
[150, 16, 32, 32, 11, 8, 4, 4] 6.506
[150, 16, 32, 32, 11, 8, 6, 2] 6.506
[160, 15, 32, 32, 11, 2, 2, 2] 22.524
[160, 15, 32, 32, 11, 2, 2, 4] 22.524
[160, 15, 32, 32, 11, 2, 2, 6] 22.524
[160, 15, 32, 32, 11, 2, 2, 8] 22.524
[160, 15, 32, 32, 11, 2, 4, 2] 22.524
[160, 15, 32, 32, 11, 2, 4, 4] 22.524
[160, 15, 32, 32, 11, 2, 4, 6] 22.524
[160, 15, 32, 32, 11, 2, 4, 8] 22.524
[160, 15, 32, 32, 11, 2, 6, 2] 22.524
[160, 15, 32, 32, 11, 2, 6, 4] 22.524
[160, 15, 32, 32, 11, 2, 6, 6] 22.524
[160, 15, 32, 32, 11, 2, 6, 8] 22.524
[160, 15, 32, 32, 11, 2, 8, 2] 22.524
[160, 15, 32, 32, 11, 2, 8, 4] 22.524
[160, 15, 32, 32, 11, 2, 8, 6] 22.524
[160, 15, 32, 32, 11, 4, 2, 2] 12.1645
[160, 15, 32, 32, 11, 4, 2, 4] 12.1645
[160, 15, 32, 32, 11, 4, 2, 6] 12.1645
[160, 15, 32, 32, 11, 4, 2, 8] 12.1645
[160, 15, 32, 32, 11, 4, 4, 2] 12.1645
[160, 15, 32, 32, 11, 4, 4, 4] 12.1645
[160, 15, 32, 32, 11, 4, 4, 6] 12.1645
[160, 15, 32, 32, 11, 4, 4, 8] 12.1645
[160, 15, 32, 32, 11, 4, 6, 2] 12.1645
[160, 15, 32, 32, 11, 4, 6, 4] 12.1645
[160, 15, 32, 32, 11, 4, 6, 6] 12.1645
[160, 15, 32, 32, 11, 4, 8, 2] 12.1645
[160, 15, 32, 32, 11, 4, 8, 4] 12.1645
[160, 15, 32, 32, 11, 6, 2, 2] 8.9105
[160, 15, 32, 32, 11, 6, 2, 4] 8.9105
[160, 15, 32, 32, 11, 6, 2, 6] 8.9105
[160, 15, 32, 32, 11, 6, 2, 8] 8.9105
[160, 15, 32, 32, 11, 6, 4, 2] 8.9105
[160, 15, 32, 32, 11, 6, 4, 4] 8.9105
[160, 15, 32, 32, 11, 6, 4, 6] 8.9105
[160, 15, 32, 32, 11, 6, 6, 2] 8.9105
[160, 15, 32, 32, 11, 6, 6, 4] 8.9105
[160, 15, 32, 32, 11, 6, 8, 2] 8.9105
[160, 15, 32, 32, 11, 8, 2, 2] 7.2835
[160, 15, 32, 32, 11, 8, 2, 4] 7.2835
[160, 15, 32, 32, 11, 8, 2, 6] 7.2835
[160, 15, 32, 32, 11, 8, 4, 2] 7.2835
[160, 15, 32, 32, 11, 8, 4, 4] 7.2835
[160, 15, 32, 32, 11, 8, 6, 2] 7.2835
[170, 14, 32, 32, 11, 2, 2, 2] 23.3002
[170, 14, 32, 32, 11, 2, 2, 4] 23.3002
[170, 14, 32, 32, 11, 2, 2, 6] 23.3002
[170, 14, 32, 32, 11, 2, 2, 8] 23.3002
[170, 14, 32, 32, 11, 2, 4, 2] 23.3002
[170, 14, 32, 32, 11, 2, 4, 4] 23.3002
[170, 14, 32, 32, 11, 2, 4, 6] 23.3002
[170, 14, 32, 32, 11, 2, 4, 8] 23.3002
[170, 14, 32, 32, 11, 2, 6, 2] 23.3002
[170, 14, 32, 32, 11, 2, 6, 4] 23.3002
[170, 14, 32, 32, 11, 2, 6, 6] 23.3002
[170, 14, 32, 32, 11, 2, 6, 8] 23.3002
[170, 14, 32, 32, 11, 2, 8, 2] 23.3002
[170, 14, 32, 32, 11, 2, 8, 4] 23.3002
[170, 14, 32, 32, 11, 2, 8, 6] 23.3002
[170, 14, 32, 32, 11, 4, 2, 2] 12.5651
[170, 14, 32, 32, 11, 4, 2, 4] 12.5651
[170, 14, 32, 32, 11, 4, 2, 6] 12.5651
[170, 14, 32, 32, 11, 4, 2, 8] 12.5651
[170, 14, 32, 32, 11, 4, 4, 2] 12.5651
[170, 14, 32, 32, 11, 4, 4, 4] 12.5651
[170, 14, 32, 32, 11, 4, 4, 6] 12.5651
[170, 14, 32, 32, 11, 4, 4, 8] 12.5651
[170, 14, 32, 32, 11, 4, 6, 2] 12.5651
[170, 14, 32, 32, 11, 4, 6, 4] 12.5651
[170, 14, 32, 32, 11, 4, 6, 6] 12.5651
[170, 14, 32, 32, 11, 4, 8, 2] 12.5651
[170, 14, 32, 32, 11, 4, 8, 4] 12.5651
[170, 14, 32, 32, 11, 6, 2, 2] 9.177566666666666
[170, 14, 32, 32, 11, 6, 2, 4] 9.177566666666666
[170, 14, 32, 32, 11, 6, 2, 6] 9.177566666666666
[170, 14, 32, 32, 11, 6, 2, 8] 9.177566666666666
[170, 14, 32, 32, 11, 6, 4, 2] 9.177566666666666
[170, 14, 32, 32, 11, 6, 4, 4] 9.177566666666666
[170, 14, 32, 32, 11, 6, 4, 6] 9.177566666666666
[170, 14, 32, 32, 11, 6, 6, 2] 9.177566666666666
[170, 14, 32, 32, 11, 6, 6, 4] 9.177566666666666
[170, 14, 32, 32, 11, 6, 8, 2] 9.177566666666666
[170, 14, 32, 32, 11, 8, 2, 2] 7.4838
[170, 14, 32, 32, 11, 8, 2, 4] 7.4838
[170, 14, 32, 32, 11, 8, 2, 6] 7.4838
[170, 14, 32, 32, 11, 8, 4, 2] 7.4838
[170, 14, 32, 32, 11, 8, 4, 4] 7.4838
[170, 14, 32, 32, 11, 8, 6, 2] 7.4838
[180, 14, 32, 32, 11, 2, 2, 2] 24.6708
[180, 14, 32, 32, 11, 2, 2, 4] 24.6708
[180, 14, 32, 32, 11, 2, 2, 6] 24.6708
[180, 14, 32, 32, 11, 2, 2, 8] 24.6708
[180, 14, 32, 32, 11, 2, 4, 2] 24.6708
[180, 14, 32, 32, 11, 2, 4, 4] 24.6708
[180, 14, 32, 32, 11, 2, 4, 6] 24.6708
[180, 14, 32, 32, 11, 2, 4, 8] 24.6708
[180, 14, 32, 32, 11, 2, 6, 2] 24.6708
[180, 14, 32, 32, 11, 2, 6, 4] 24.6708
[180, 14, 32, 32, 11, 2, 6, 6] 24.6708
[180, 14, 32, 32, 11, 2, 6, 8] 24.6708
[180, 14, 32, 32, 11, 2, 8, 2] 24.6708
[180, 14, 32, 32, 11, 2, 8, 4] 24.6708
[180, 14, 32, 32, 11, 2, 8, 6] 24.6708
[180, 14, 32, 32, 11, 4, 2, 2] 13.1629
[180, 14, 32, 32, 11, 4, 2, 4] 13.1629
[180, 14, 32, 32, 11, 4, 2, 6] 13.1629
[180, 14, 32, 32, 11, 4, 2, 8] 13.1629
[180, 14, 32, 32, 11, 4, 4, 2] 13.1629
[180, 14, 32, 32, 11, 4, 4, 4] 13.1629
[180, 14, 32, 32, 11, 4, 4, 6] 13.1629
[180, 14, 32, 32, 11, 4, 4, 8] 13.1629
[180, 14, 32, 32, 11, 4, 6, 2] 13.1629
[180, 14, 32, 32, 11, 4, 6, 4] 13.1629
[180, 14, 32, 32, 11, 4, 6, 6] 13.1629
[180, 14, 32, 32, 11, 4, 8, 2] 13.1629
[180, 14, 32, 32, 11, 4, 8, 4] 13.1629
[180, 14, 32, 32, 11, 6, 2, 2] 9.5761
[180, 14, 32, 32, 11, 6, 2, 4] 9.5761
[180, 14, 32, 32, 11, 6, 2, 6] 9.5761
[180, 14, 32, 32, 11, 6, 2, 8] 9.5761
[180, 14, 32, 32, 11, 6, 4, 2] 9.5761
[180, 14, 32, 32, 11, 6, 4, 4] 9.5761
[180, 14, 32, 32, 11, 6, 4, 6] 9.5761
[180, 14, 32, 32, 11, 6, 6, 2] 9.5761
[180, 14, 32, 32, 11, 6, 6, 4] 9.5761
[180, 14, 32, 32, 11, 6, 8, 2] 9.5761
[180, 14, 32, 32, 11, 8, 2, 2] 7.7827
[180, 14, 32, 32, 11, 8, 2, 4] 7.7827
[180, 14, 32, 32, 11, 8, 2, 6] 7.7827
[180, 14, 32, 32, 11, 8, 4, 2] 7.7827
[180, 14, 32, 32, 11, 8, 4, 4] 7.7827
[180, 14, 32, 32, 11, 8, 6, 2] 7.7827
[190, 13, 32, 32, 11, 2, 2, 2] 25.18165
[190, 13, 32, 32, 11, 2, 2, 4] 25.18165
[190, 13, 32, 32, 11, 2, 2, 6] 25.18165
[190, 13, 32, 32, 11, 2, 2, 8] 25.18165
[190, 13, 32, 32, 11, 2, 4, 2] 25.18165
[190, 13, 32, 32, 11, 2, 4, 4] 25.18165
[190, 13, 32, 32, 11, 2, 4, 6] 25.18165
[190, 13, 32, 32, 11, 2, 4, 8] 25.18165
[190, 13, 32, 32, 11, 2, 6, 2] 25.18165
[190, 13, 32, 32, 11, 2, 6, 4] 25.18165
[190, 13, 32, 32, 11, 2, 6, 6] 25.18165
[190, 13, 32, 32, 11, 2, 6, 8] 25.18165
[190, 13, 32, 32, 11, 2, 8, 2] 25.18165
[190, 13, 32, 32, 11, 2, 8, 4] 25.18165
[190, 13, 32, 32, 11, 2, 8, 6] 25.18165
[190, 13, 32, 32, 11, 4, 2, 2] 13.449575
[190, 13, 32, 32, 11, 4, 2, 4] 13.449575
[190, 13, 32, 32, 11, 4, 2, 6] 13.449575
[190, 13, 32, 32, 11, 4, 2, 8] 13.449575
[190, 13, 32, 32, 11, 4, 4, 2] 13.449575
[190, 13, 32, 32, 11, 4, 4, 4] 13.449575
[190, 13, 32, 32, 11, 4, 4, 6] 13.449575
[190, 13, 32, 32, 11, 4, 4, 8] 13.449575
[190, 13, 32, 32, 11, 4, 6, 2] 13.449575
[190, 13, 32, 32, 11, 4, 6, 4] 13.449575
[190, 13, 32, 32, 11, 4, 6, 6] 13.449575
[190, 13, 32, 32, 11, 4, 8, 2] 13.449575
[190, 13, 32, 32, 11, 4, 8, 4] 13.449575
[190, 13, 32, 32, 11, 6, 2, 2] 9.767216666666666
[190, 13, 32, 32, 11, 6, 2, 4] 9.767216666666666
[190, 13, 32, 32, 11, 6, 2, 6] 9.767216666666666
[190, 13, 32, 32, 11, 6, 2, 8] 9.767216666666666
[190, 13, 32, 32, 11, 6, 4, 2] 9.767216666666666
[190, 13, 32, 32, 11, 6, 4, 4] 9.767216666666666
[190, 13, 32, 32, 11, 6, 4, 6] 9.767216666666666
[190, 13, 32, 32, 11, 6, 6, 2] 9.767216666666666
[190, 13, 32, 32, 11, 6, 6, 4] 9.767216666666666
[190, 13, 32, 32, 11, 6, 8, 2] 9.767216666666666
[190, 13, 32, 32, 11, 8, 2, 2] 7.9260375
[190, 13, 32, 32, 11, 8, 2, 4] 7.9260375
[190, 13, 32, 32, 11, 8, 2, 6] 7.9260375
[190, 13, 32, 32, 11, 8, 4, 2] 7.9260375
[190, 13, 32, 32, 11, 8, 4, 4] 7.9260375
[190, 13, 32, 32, 11, 8, 6, 2] 7.9260375
[200, 12, 32, 32, 11, 2, 2, 2] 22.728
[200, 12, 32, 32, 11, 2, 2, 4] 22.728
[200, 12, 32, 32, 11, 2, 2, 6] 22.728
[200, 12, 32, 32, 11, 2, 2, 8] 22.728
[200, 12, 32, 32, 11, 2, 4, 2] 22.728
[200, 12, 32, 32, 11, 2, 4, 4] 22.728
[200, 12, 32, 32, 11, 2, 4, 6] 22.728
[200, 12, 32, 32, 11, 2, 4, 8] 22.728
[200, 12, 32, 32, 11, 2, 6, 2] 22.728
[200, 12, 32, 32, 11, 2, 6, 4] 22.728
[200, 12, 32, 32, 11, 2, 6, 6] 22.728
[200, 12, 32, 32, 11, 2, 6, 8] 22.728
[200, 12, 32, 32, 11, 2, 8, 2] 22.728
[200, 12, 32, 32, 11, 2, 8, 4] 22.728
[200, 12, 32, 32, 11, 2, 8, 6] 22.728
[200, 12, 32, 32, 11, 4, 2, 2] 11.9055
[200, 12, 32, 32, 11, 4, 2, 4] 11.9055
[200, 12, 32, 32, 11, 4, 2, 6] 11.9055
[200, 12, 32, 32, 11, 4, 2, 8] 11.9055
[200, 12, 32, 32, 11, 4, 4, 2] 11.9055
[200, 12, 32, 32, 11, 4, 4, 4] 11.9055
[200, 12, 32, 32, 11, 4, 4, 6] 11.9055
[200, 12, 32, 32, 11, 4, 4, 8] 11.9055
[200, 12, 32, 32, 11, 4, 6, 2] 11.9055
[200, 12, 32, 32, 11, 4, 6, 4] 11.9055
[200, 12, 32, 32, 11, 4, 6, 6] 11.9055
[200, 12, 32, 32, 11, 4, 8, 2] 11.9055
[200, 12, 32, 32, 11, 4, 8, 4] 11.9055
[200, 12, 32, 32, 11, 6, 2, 2] 8.4175
[200, 12, 32, 32, 11, 6, 2, 4] 8.4175
[200, 12, 32, 32, 11, 6, 2, 6] 8.4175
[200, 12, 32, 32, 11, 6, 2, 8] 8.4175
[200, 12, 32, 32, 11, 6, 4, 2] 8.4175
[200, 12, 32, 32, 11, 6, 4, 4] 8.4175
[200, 12, 32, 32, 11, 6, 4, 6] 8.4175
[200, 12, 32, 32, 11, 6, 6, 2] 8.4175
[200, 12, 32, 32, 11, 6, 6, 4] 8.4175
[200, 12, 32, 32, 11, 6, 8, 2] 8.4175
[200, 12, 32, 32, 11, 8, 2, 2] 6.6735
[200, 12, 32, 32, 11, 8, 2, 4] 6.6735
[200, 12, 32, 32, 11, 8, 2, 6] 6.6735
[200, 12, 32, 32, 11, 8, 4, 2] 6.6735
[200, 12, 32, 32, 11, 8, 4, 4] 6.6735
[200, 12, 32, 32, 11, 8, 6, 2] 6.6735
[210, 12, 32, 32, 11, 2, 2, 2] 23.8644
[210, 12, 32, 32, 11, 2, 2, 4] 23.8644
[210, 12, 32, 32, 11, 2, 2, 6] 23.8644
[210, 12, 32, 32, 11, 2, 2, 8] 23.8644
[210, 12, 32, 32, 11, 2, 4, 2] 23.8644
[210, 12, 32, 32, 11, 2, 4, 4] 23.8644
[210, 12, 32, 32, 11, 2, 4, 6] 23.8644
[210, 12, 32, 32, 11, 2, 4, 8] 23.8644
[210, 12, 32, 32, 11, 2, 6, 2] 23.8644
[210, 12, 32, 32, 11, 2, 6, 4] 23.8644
[210, 12, 32, 32, 11, 2, 6, 6] 23.8644
[210, 12, 32, 32, 11, 2, 6, 8] 23.8644
[210, 12, 32, 32, 11, 2, 8, 2] 23.8644
[210, 12, 32, 32, 11, 2, 8, 4] 23.8644
[210, 12, 32, 32, 11, 2, 8, 6] 23.8644
[210, 12, 32, 32, 11, 4, 2, 2] 12.4287
[210, 12, 32, 32, 11, 4, 2, 4] 12.4287
[210, 12, 32, 32, 11, 4, 2, 6] 12.4287
[210, 12, 32, 32, 11, 4, 2, 8] 12.4287
[210, 12, 32, 32, 11, 4, 4, 2] 12.4287
[210, 12, 32, 32, 11, 4, 4, 4] 12.4287
[210, 12, 32, 32, 11, 4, 4, 6] 12.4287
[210, 12, 32, 32, 11, 4, 4, 8] 12.4287
[210, 12, 32, 32, 11, 4, 6, 2] 12.4287
[210, 12, 32, 32, 11, 4, 6, 4] 12.4287
[210, 12, 32, 32, 11, 4, 6, 6] 12.4287
[210, 12, 32, 32, 11, 4, 8, 2] 12.4287
[210, 12, 32, 32, 11, 4, 8, 4] 12.4287
[210, 12, 32, 32, 11, 6, 2, 2] 8.7663
[210, 12, 32, 32, 11, 6, 2, 4] 8.7663
[210, 12, 32, 32, 11, 6, 2, 6] 8.7663
[210, 12, 32, 32, 11, 6, 2, 8] 8.7663
[210, 12, 32, 32, 11, 6, 4, 2] 8.7663
[210, 12, 32, 32, 11, 6, 4, 4] 8.7663
[210, 12, 32, 32, 11, 6, 4, 6] 8.7663
[210, 12, 32, 32, 11, 6, 6, 2] 8.7663
[210, 12, 32, 32, 11, 6, 6, 4] 8.7663
[210, 12, 32, 32, 11, 6, 8, 2] 8.7663
[210, 12, 32, 32, 11, 8, 2, 2] 6.9351
[210, 12, 32, 32, 11, 8, 2, 4] 6.9351
[210, 12, 32, 32, 11, 8, 2, 6] 6.9351
[210, 12, 32, 32, 11, 8, 4, 2] 6.9351
[210, 12, 32, 32, 11, 8, 4, 4] 6.9351
[210, 12, 32, 32, 11, 8, 6, 2] 6.9351
[220, 11, 32, 32, 11, 2, 2, 2] 24.442
[220, 11, 32, 32, 11, 2, 2, 4] 24.442
[220, 11, 32, 32, 11, 2, 2, 6] 24.442
[220, 11, 32, 32, 11, 2, 2, 8] 24.442
[220, 11, 32, 32, 11, 2, 4, 2] 24.442
[220, 11, 32, 32, 11, 2, 4, 4] 24.442
[220, 11, 32, 32, 11, 2, 4, 6] 24.442
[220, 11, 32, 32, 11, 2, 4, 8] 24.442
[220, 11, 32, 32, 11, 2, 6, 2] 24.442
[220, 11, 32, 32, 11, 2, 6, 4] 24.442
[220, 11, 32, 32, 11, 2, 6, 6] 24.442
[220, 11, 32, 32, 11, 2, 6, 8] 24.442
[220, 11, 32, 32, 11, 2, 8, 2] 24.442
[220, 11, 32, 32, 11, 2, 8, 4] 24.442
[220, 11, 32, 32, 11, 2, 8, 6] 24.442
[220, 11, 32, 32, 11, 4, 2, 2] 12.755
[220, 11, 32, 32, 11, 4, 2, 4] 12.755
[220, 11, 32, 32, 11, 4, 2, 6] 12.755
[220, 11, 32, 32, 11, 4, 2, 8] 12.755
[220, 11, 32, 32, 11, 4, 4, 2] 12.755
[220, 11, 32, 32, 11, 4, 4, 4] 12.755
[220, 11, 32, 32, 11, 4, 4, 6] 12.755
[220, 11, 32, 32, 11, 4, 4, 8] 12.755
[220, 11, 32, 32, 11, 4, 6, 2] 12.755
[220, 11, 32, 32, 11, 4, 6, 4] 12.755
[220, 11, 32, 32, 11, 4, 6, 6] 12.755
[220, 11, 32, 32, 11, 4, 8, 2] 12.755
[220, 11, 32, 32, 11, 4, 8, 4] 12.755
[220, 11, 32, 32, 11, 6, 2, 2] 8.983833333333333
[220, 11, 32, 32, 11, 6, 2, 4] 8.983833333333333
[220, 11, 32, 32, 11, 6, 2, 6] 8.983833333333333
[220, 11, 32, 32, 11, 6, 2, 8] 8.983833333333333
[220, 11, 32, 32, 11, 6, 4, 2] 8.983833333333333
[220, 11, 32, 32, 11, 6, 4, 4] 8.983833333333333
[220, 11, 32, 32, 11, 6, 4, 6] 8.983833333333333
[220, 11, 32, 32, 11, 6, 6, 2] 8.983833333333333
[220, 11, 32, 32, 11, 6, 6, 4] 8.983833333333333
[220, 11, 32, 32, 11, 6, 8, 2] 8.983833333333333
[220, 11, 32, 32, 11, 8, 2, 2] 7.09825
[220, 11, 32, 32, 11, 8, 2, 4] 7.09825
[220, 11, 32, 32, 11, 8, 2, 6] 7.09825
[220, 11, 32, 32, 11, 8, 4, 2] 7.09825
[220, 11, 32, 32, 11, 8, 4, 4] 7.09825
[220, 11, 32, 32, 11, 8, 6, 2] 7.09825
[230, 10, 32, 32, 11, 2, 2, 2] 25.1735
[230, 10, 32, 32, 11, 2, 2, 4] 25.1735
[230, 10, 32, 32, 11, 2, 2, 6] 25.1735
[230, 10, 32, 32, 11, 2, 2, 8] 25.1735
[230, 10, 32, 32, 11, 2, 4, 2] 25.1735
[230, 10, 32, 32, 11, 2, 4, 4] 25.1735
[230, 10, 32, 32, 11, 2, 4, 6] 25.1735
[230, 10, 32, 32, 11, 2, 4, 8] 25.1735
[230, 10, 32, 32, 11, 2, 6, 2] 25.1735
[230, 10, 32, 32, 11, 2, 6, 4] 25.1735
[230, 10, 32, 32, 11, 2, 6, 6] 25.1735
[230, 10, 32, 32, 11, 2, 6, 8] 25.1735
[230, 10, 32, 32, 11, 2, 8, 2] 25.1735
[230, 10, 32, 32, 11, 2, 8, 4] 25.1735
[230, 10, 32, 32, 11, 2, 8, 6] 25.1735
[230, 10, 32, 32, 11, 4, 2, 2] 13.26225
[230, 10, 32, 32, 11, 4, 2, 4] 13.26225
[230, 10, 32, 32, 11, 4, 2, 6] 13.26225
[230, 10, 32, 32, 11, 4, 2, 8] 13.26225
[230, 10, 32, 32, 11, 4, 4, 2] 13.26225
[230, 10, 32, 32, 11, 4, 4, 4] 13.26225
[230, 10, 32, 32, 11, 4, 4, 6] 13.26225
[230, 10, 32, 32, 11, 4, 4, 8] 13.26225
[230, 10, 32, 32, 11, 4, 6, 2] 13.26225
[230, 10, 32, 32, 11, 4, 6, 4] 13.26225
[230, 10, 32, 32, 11, 4, 6, 6] 13.26225
[230, 10, 32, 32, 11, 4, 8, 2] 13.26225
[230, 10, 32, 32, 11, 4, 8, 4] 13.26225
[230, 10, 32, 32, 11, 6, 2, 2] 9.402083333333334
[230, 10, 32, 32, 11, 6, 2, 4] 9.402083333333334
[230, 10, 32, 32, 11, 6, 2, 6] 9.402083333333334
[230, 10, 32, 32, 11, 6, 2, 8] 9.402083333333334
[230, 10, 32, 32, 11, 6, 4, 2] 9.402083333333334
[230, 10, 32, 32, 11, 6, 4, 4] 9.402083333333334
[230, 10, 32, 32, 11, 6, 4, 6] 9.402083333333334
[230, 10, 32, 32, 11, 6, 6, 2] 9.402083333333334
[230, 10, 32, 32, 11, 6, 6, 4] 9.402083333333334
[230, 10, 32, 32, 11, 6, 8, 2] 9.402083333333334
[230, 10, 32, 32, 11, 8, 2, 2] 7.472
[230, 10, 32, 32, 11, 8, 2, 4] 7.472
[230, 10, 32, 32, 11, 8, 2, 6] 7.472
[230, 10, 32, 32, 11, 8, 4, 2] 7.472
[230, 10, 32, 32, 11, 8, 4, 4] 7.472
[230, 10, 32, 32, 11, 8, 6, 2] 7.472
[240, 10, 32, 32, 11, 2, 2, 2] 26.268
[240, 10, 32, 32, 11, 2, 2, 4] 26.268
[240, 10, 32, 32, 11, 2, 2, 6] 26.268
[240, 10, 32, 32, 11, 2, 2, 8] 26.268
[240, 10, 32, 32, 11, 2, 4, 2] 26.268
[240, 10, 32, 32, 11, 2, 4, 4] 26.268
[240, 10, 32, 32, 11, 2, 4, 6] 26.268
[240, 10, 32, 32, 11, 2, 4, 8] 26.268
[240, 10, 32, 32, 11, 2, 6, 2] 26.268
[240, 10, 32, 32, 11, 2, 6, 4] 26.268
[240, 10, 32, 32, 11, 2, 6, 6] 26.268
[240, 10, 32, 32, 11, 2, 6, 8] 26.268
[240, 10, 32, 32, 11, 2, 8, 2] 26.268
[240, 10, 32, 32, 11, 2, 8, 4] 26.268
[240, 10, 32, 32, 11, 2, 8, 6] 26.268
[240, 10, 32, 32, 11, 4, 2, 2] 13.76575
[240, 10, 32, 32, 11, 4, 2, 4] 13.76575
[240, 10, 32, 32, 11, 4, 2, 6] 13.76575
[240, 10, 32, 32, 11, 4, 2, 8] 13.76575
[240, 10, 32, 32, 11, 4, 4, 2] 13.76575
[240, 10, 32, 32, 11, 4, 4, 4] 13.76575
[240, 10, 32, 32, 11, 4, 4, 6] 13.76575
[240, 10, 32, 32, 11, 4, 4, 8] 13.76575
[240, 10, 32, 32, 11, 4, 6, 2] 13.76575
[240, 10, 32, 32, 11, 4, 6, 4] 13.76575
[240, 10, 32, 32, 11, 4, 6, 6] 13.76575
[240, 10, 32, 32, 11, 4, 8, 2] 13.76575
[240, 10, 32, 32, 11, 4, 8, 4] 13.76575
[240, 10, 32, 32, 11, 6, 2, 2] 9.73775
[240, 10, 32, 32, 11, 6, 2, 4] 9.73775
[240, 10, 32, 32, 11, 6, 2, 6] 9.73775
[240, 10, 32, 32, 11, 6, 2, 8] 9.73775
[240, 10, 32, 32, 11, 6, 4, 2] 9.73775
[240, 10, 32, 32, 11, 6, 4, 4] 9.73775
[240, 10, 32, 32, 11, 6, 4, 6] 9.73775
[240, 10, 32, 32, 11, 6, 6, 2] 9.73775
[240, 10, 32, 32, 11, 6, 6, 4] 9.73775
[240, 10, 32, 32, 11, 6, 8, 2] 9.73775
[240, 10, 32, 32, 11, 8, 2, 2] 7.72375
[240, 10, 32, 32, 11, 8, 2, 4] 7.72375
[240, 10, 32, 32, 11, 8, 2, 6] 7.72375
[240, 10, 32, 32, 11, 8, 4, 2] 7.72375
[240, 10, 32, 32, 11, 8, 4, 4] 7.72375
[240, 10, 32, 32, 11, 8, 6, 2] 7.72375
