1 [107.4465, 107.4465, 107.4465, 107.4465, 75.06765, 75.06765, 75.06765, 75.06765, 66.9774, 66.9774, 66.9774, 66.9774, 65.205, 65.205, 65.205, 100.88442, 100.88442, 100.88442, 100.88442, 53.72325, 53.72325, 53.72325, 53.72325, 42.9303, 42.9303, 42.9303, 37.533825, 37.533825, 100.88442, 100.88442, 100.88442, 100.88442, 50.44221, 50.44221, 50.44221, 35.8155, 35.8155, 30.419025, 100.88442, 100.88442, 100.88442, 50.44221, 50.44221, 33.62814]
2 [49.01715, 49.01715, 49.01715, 49.01715, 42.399, 42.399, 42.399, 42.399, 42.399, 42.399, 42.399, 42.399, 42.399, 42.399, 42.399, 36.82035, 36.82035, 36.82035, 36.82035, 24.508575, 24.508575, 24.508575, 24.508575, 22.027, 22.027, 22.027, 22.027, 22.027, 34.94547, 34.94547, 34.94547, 34.94547, 20.442975, 20.442975, 20.442975, 16.72345, 16.72345, 15.4855, 34.94547, 34.94547, 34.94547, 18.410175, 18.410175, 14.69065]
3 [34.72854, 34.72854, 34.72854, 34.72854, 34.1082, 34.1082, 34.1082, 34.1082, 34.1082, 34.1082, 34.1082, 34.1082, 34.1082, 34.1082, 34.1082, 23.31294, 23.31294, 23.31294, 23.31294, 17.63335, 17.63335, 17.63335, 17.63335, 17.63335, 17.63335, 17.63335, 17.63335, 17.63335, 20.26374, 20.26374, 20.26374, 20.26374, 13.45015, 13.45015, 13.45015, 12.31615, 12.31615, 12.31615, 19.3263, 19.3263, 19.3263, 11.92555, 11.92555, 10.03555]
4 [29.4084, 29.4084, 29.4084, 29.4084, 29.4084, 29.4084, 29.4084, 29.4084, 29.4084, 29.4084, 29.4084, 29.4084, 29.4084, 29.4084, 29.4084, 17.91405, 17.91405, 17.91405, 17.91405, 15.5317, 15.5317, 15.5317, 15.5317, 15.5317, 15.5317, 15.5317, 15.5317, 15.5317, 15.88125, 15.88125, 15.88125, 15.88125, 11.1553, 11.1553, 11.1553, 11.1553, 11.1553, 11.1553, 14.86485, 14.86485, 14.86485, 9.84595, 9.84595, 8.9671]
5 [27.65, 27.65, 27.65, 27.65, 27.65, 27.65, 27.65, 27.65, 27.65, 27.65, 27.65, 27.65, 27.65, 27.65, 27.65, 14.497, 14.497, 14.497, 14.497, 14.497, 14.497, 14.497, 14.497, 14.497, 14.497, 14.497, 14.497, 14.497, 12.480333333333332, 12.480333333333332, 12.480333333333332, 12.480333333333332, 10.305333333333332, 10.305333333333332, 10.305333333333332, 10.305333333333332, 10.305333333333332, 10.305333333333332, 11.472, 11.472, 11.472, 8.2095, 8.2095, 8.2095]
6 [28.3248, 28.3248, 28.3248, 28.3248, 28.3248, 28.3248, 28.3248, 28.3248, 28.3248, 28.3248, 28.3248, 28.3248, 28.3248, 28.3248, 28.3248, 14.8244, 14.8244, 14.8244, 14.8244, 14.8244, 14.8244, 14.8244, 14.8244, 14.8244, 14.8244, 14.8244, 14.8244, 14.8244, 11.6576, 11.6576, 11.6576, 11.6576, 10.5236, 10.5236, 10.5236, 10.5236, 10.5236, 10.5236, 10.6412, 10.6412, 10.6412, 8.3732, 8.3732, 8.3732]
7 [20.6892, 20.6892, 20.6892, 20.6892, 20.6892, 20.6892, 20.6892, 20.6892, 20.6892, 20.6892, 20.6892, 20.6892, 20.6892, 20.6892, 20.6892, 10.8411, 10.8411, 10.8411, 10.8411, 10.8411, 10.8411, 10.8411, 10.8411, 10.8411, 10.8411, 10.8411, 10.8411, 10.8411, 8.0103, 8.0103, 8.0103, 8.0103, 7.7079, 7.7079, 7.7079, 7.7079, 7.7079, 7.7079, 7.5021, 7.5021, 7.5021, 6.1413, 6.1413, 6.1413]
8 [22.5184, 22.5184, 22.5184, 22.5184, 22.5184, 22.5184, 22.5184, 22.5184, 22.5184, 22.5184, 22.5184, 22.5184, 22.5184, 22.5184, 22.5184, 12.02645, 12.02645, 12.02645, 12.02645, 12.02645, 12.02645, 12.02645, 12.02645, 12.02645, 12.02645, 12.02645, 12.02645, 12.02645, 8.738383333333333, 8.738383333333333, 8.738383333333333, 8.738383333333333, 8.738383333333333, 8.738383333333333, 8.738383333333333, 8.738383333333333, 8.738383333333333, 8.738383333333333, 7.952275, 7.952275, 7.952275, 7.09435, 7.09435, 7.09435]
9 [21.0672, 21.0672, 21.0672, 21.0672, 21.0672, 21.0672, 21.0672, 21.0672, 21.0672, 21.0672, 21.0672, 21.0672, 21.0672, 21.0672, 21.0672, 11.27835, 11.27835, 11.27835, 11.27835, 11.27835, 11.27835, 11.27835, 11.27835, 11.27835, 11.27835, 11.27835, 11.27835, 11.27835, 8.23965, 8.23965, 8.23965, 8.23965, 8.23965, 8.23965, 8.23965, 8.23965, 8.23965, 8.23965, 7.05735, 7.05735, 7.05735, 6.7203, 6.7203, 6.7203]
10 [20.6375, 20.6375, 20.6375, 20.6375, 20.6375, 20.6375, 20.6375, 20.6375, 20.6375, 20.6375, 20.6375, 20.6375, 20.6375, 20.6375, 20.6375, 10.82275, 10.82275, 10.82275, 10.82275, 10.82275, 10.82275, 10.82275, 10.82275, 10.82275, 10.82275, 10.82275, 10.82275, 10.82275, 7.695666666666666, 7.695666666666666, 7.695666666666666, 7.695666666666666, 7.695666666666666, 7.695666666666666, 7.695666666666666, 7.695666666666666, 7.695666666666666, 7.695666666666666, 6.132125, 6.132125, 6.132125, 6.132125, 6.132125, 6.132125]
11 [21.3928, 21.3928, 21.3928, 21.3928, 21.3928, 21.3928, 21.3928, 21.3928, 21.3928, 21.3928, 21.3928, 21.3928, 21.3928, 21.3928, 21.3928, 11.2304, 11.2304, 11.2304, 11.2304, 11.2304, 11.2304, 11.2304, 11.2304, 11.2304, 11.2304, 11.2304, 11.2304, 11.2304, 7.967433333333334, 7.967433333333334, 7.967433333333334, 7.967433333333334, 7.967433333333334, 7.967433333333334, 7.967433333333334, 7.967433333333334, 7.967433333333334, 7.967433333333334, 6.33595, 6.33595, 6.33595, 6.33595, 6.33595, 6.33595]
12 [24.0408, 24.0408, 24.0408, 24.0408, 24.0408, 24.0408, 24.0408, 24.0408, 24.0408, 24.0408, 24.0408, 24.0408, 24.0408, 24.0408, 24.0408, 12.6824, 12.6824, 12.6824, 12.6824, 12.6824, 12.6824, 12.6824, 12.6824, 12.6824, 12.6824, 12.6824, 12.6824, 12.6824, 9.0956, 9.0956, 9.0956, 9.0956, 9.0956, 9.0956, 9.0956, 9.0956, 9.0956, 9.0956, 7.3022, 7.3022, 7.3022, 7.3022, 7.3022, 7.3022]
13 [19.89585, 19.89585, 19.89585, 19.89585, 19.89585, 19.89585, 19.89585, 19.89585, 19.89585, 19.89585, 19.89585, 19.89585, 19.89585, 19.89585, 19.89585, 10.634925, 10.634925, 10.634925, 10.634925, 10.634925, 10.634925, 10.634925, 10.634925, 10.634925, 10.634925, 10.634925, 10.634925, 10.634925, 7.730616666666666, 7.730616666666666, 7.730616666666666, 7.730616666666666, 7.730616666666666, 7.730616666666666, 7.730616666666666, 7.730616666666666, 7.730616666666666, 7.730616666666666, 6.2784625, 6.2784625, 6.2784625, 6.2784625, 6.2784625, 6.2784625]
14 [20.7522, 20.7522, 20.7522, 20.7522, 20.7522, 20.7522, 20.7522, 20.7522, 20.7522, 20.7522, 20.7522, 20.7522, 20.7522, 20.7522, 20.7522, 11.0381, 11.0381, 11.0381, 11.0381, 11.0381, 11.0381, 11.0381, 11.0381, 11.0381, 11.0381, 11.0381, 11.0381, 11.0381, 7.9994, 7.9994, 7.9994, 7.9994, 7.9994, 7.9994, 7.9994, 7.9994, 7.9994, 7.9994, 6.48005, 6.48005, 6.48005, 6.48005, 6.48005, 6.48005]
15 [20.736, 20.736, 20.736, 20.736, 20.736, 20.736, 20.736, 20.736, 20.736, 20.736, 20.736, 20.736, 20.736, 20.736, 20.736, 11.09, 11.09, 11.09, 11.09, 11.09, 11.09, 11.09, 11.09, 11.09, 11.09, 11.09, 11.09, 11.09, 8.034, 8.034, 8.034, 8.034, 8.034, 8.034, 8.034, 8.034, 8.034, 8.034, 6.506, 6.506, 6.506, 6.506, 6.506, 6.506]
16 [22.524, 22.524, 22.524, 22.524, 22.524, 22.524, 22.524, 22.524, 22.524, 22.524, 22.524, 22.524, 22.524, 22.524, 22.524, 12.1645, 12.1645, 12.1645, 12.1645, 12.1645, 12.1645, 12.1645, 12.1645, 12.1645, 12.1645, 12.1645, 12.1645, 12.1645, 8.9105, 8.9105, 8.9105, 8.9105, 8.9105, 8.9105, 8.9105, 8.9105, 8.9105, 8.9105, 7.2835, 7.2835, 7.2835, 7.2835, 7.2835, 7.2835]
17 [23.3002, 23.3002, 23.3002, 23.3002, 23.3002, 23.3002, 23.3002, 23.3002, 23.3002, 23.3002, 23.3002, 23.3002, 23.3002, 23.3002, 23.3002, 12.5651, 12.5651, 12.5651, 12.5651, 12.5651, 12.5651, 12.5651, 12.5651, 12.5651, 12.5651, 12.5651, 12.5651, 12.5651, 9.177566666666666, 9.177566666666666, 9.177566666666666, 9.177566666666666, 9.177566666666666, 9.177566666666666, 9.177566666666666, 9.177566666666666, 9.177566666666666, 9.177566666666666, 7.4838, 7.4838, 7.4838, 7.4838, 7.4838, 7.4838]
18 [24.6708, 24.6708, 24.6708, 24.6708, 24.6708, 24.6708, 24.6708, 24.6708, 24.6708, 24.6708, 24.6708, 24.6708, 24.6708, 24.6708, 24.6708, 13.1629, 13.1629, 13.1629, 13.1629, 13.1629, 13.1629, 13.1629, 13.1629, 13.1629, 13.1629, 13.1629, 13.1629, 13.1629, 9.5761, 9.5761, 9.5761, 9.5761, 9.5761, 9.5761, 9.5761, 9.5761, 9.5761, 9.5761, 7.7827, 7.7827, 7.7827, 7.7827, 7.7827, 7.7827]
19 [25.18165, 25.18165, 25.18165, 25.18165, 25.18165, 25.18165, 25.18165, 25.18165, 25.18165, 25.18165, 25.18165, 25.18165, 25.18165, 25.18165, 25.18165, 13.449575, 13.449575, 13.449575, 13.449575, 13.449575, 13.449575, 13.449575, 13.449575, 13.449575, 13.449575, 13.449575, 13.449575, 13.449575, 9.767216666666666, 9.767216666666666, 9.767216666666666, 9.767216666666666, 9.767216666666666, 9.767216666666666, 9.767216666666666, 9.767216666666666, 9.767216666666666, 9.767216666666666, 7.9260375, 7.9260375, 7.9260375, 7.9260375, 7.9260375, 7.9260375]
20 [22.728, 22.728, 22.728, 22.728, 22.728, 22.728, 22.728, 22.728, 22.728, 22.728, 22.728, 22.728, 22.728, 22.728, 22.728, 11.9055, 11.9055, 11.9055, 11.9055, 11.9055, 11.9055, 11.9055, 11.9055, 11.9055, 11.9055, 11.9055, 11.9055, 11.9055, 8.4175, 8.4175, 8.4175, 8.4175, 8.4175, 8.4175, 8.4175, 8.4175, 8.4175, 8.4175, 6.6735, 6.6735, 6.6735, 6.6735, 6.6735, 6.6735]
21 [23.8644, 23.8644, 23.8644, 23.8644, 23.8644, 23.8644, 23.8644, 23.8644, 23.8644, 23.8644, 23.8644, 23.8644, 23.8644, 23.8644, 23.8644, 12.4287, 12.4287, 12.4287, 12.4287, 12.4287, 12.4287, 12.4287, 12.4287, 12.4287, 12.4287, 12.4287, 12.4287, 12.4287, 8.7663, 8.7663, 8.7663, 8.7663, 8.7663, 8.7663, 8.7663, 8.7663, 8.7663, 8.7663, 6.9351, 6.9351, 6.9351, 6.9351, 6.9351, 6.9351]
22 [24.442, 24.442, 24.442, 24.442, 24.442, 24.442, 24.442, 24.442, 24.442, 24.442, 24.442, 24.442, 24.442, 24.442, 24.442, 12.755, 12.755, 12.755, 12.755, 12.755, 12.755, 12.755, 12.755, 12.755, 12.755, 12.755, 12.755, 12.755, 8.983833333333333, 8.983833333333333, 8.983833333333333, 8.983833333333333, 8.983833333333333, 8.983833333333333, 8.983833333333333, 8.983833333333333, 8.983833333333333, 8.983833333333333, 7.09825, 7.09825, 7.09825, 7.09825, 7.09825, 7.09825]
23 [25.1735, 25.1735, 25.1735, 25.1735, 25.1735, 25.1735, 25.1735, 25.1735, 25.1735, 25.1735, 25.1735, 25.1735, 25.1735, 25.1735, 25.1735, 13.26225, 13.26225, 13.26225, 13.26225, 13.26225, 13.26225, 13.26225, 13.26225, 13.26225, 13.26225, 13.26225, 13.26225, 13.26225, 9.402083333333334, 9.402083333333334, 9.402083333333334, 9.402083333333334, 9.402083333333334, 9.402083333333334, 9.402083333333334, 9.402083333333334, 9.402083333333334, 9.402083333333334, 7.472, 7.472, 7.472, 7.472, 7.472, 7.472]
24 [26.268, 26.268, 26.268, 26.268, 26.268, 26.268, 26.268, 26.268, 26.268, 26.268, 26.268, 26.268, 26.268, 26.268, 26.268, 13.76575, 13.76575, 13.76575, 13.76575, 13.76575, 13.76575, 13.76575, 13.76575, 13.76575, 13.76575, 13.76575, 13.76575, 13.76575, 9.73775, 9.73775, 9.73775, 9.73775, 9.73775, 9.73775, 9.73775, 9.73775, 9.73775, 9.73775, 7.72375, 7.72375, 7.72375, 7.72375, 7.72375, 7.72375]
