== [64, 1, 7, 14, 3, 2, 2, 2] [10, 245, 7, 14, 3, 2, 2, 2] 71.76403
== [64, 1, 7, 14, 3, 2, 2, 2] [10, 245, 14, 14, 3, 2, 2, 2] 75.00538
== [64, 1, 14, 14, 3, 2, 2, 2] [10, 245, 7, 14, 3, 2, 2, 2] 72.09459
== [64, 1, 14, 14, 3, 2, 2, 2] [10, 245, 14, 14, 3, 2, 2, 2] 75.33594
shufflenet_v2_x0_5 71.76403 [[64, 1, 7, 14, 3, 2, 2, 2], [10, 245, 7, 14, 3, 2, 2, 2]]
== [64, 1, 7, 14, 3, 2, 2, 2] [10, 245, 7, 14, 3, 2, 2, 2] 88.86925
== [64, 1, 7, 14, 3, 2, 2, 2] [10, 245, 14, 14, 3, 2, 2, 2] 92.1106
== [64, 1, 14, 14, 3, 2, 2, 2] [10, 245, 7, 14, 3, 2, 2, 2] 89.15661
== [64, 1, 14, 14, 3, 2, 2, 2] [10, 245, 14, 14, 3, 2, 2, 2] 92.39796
shufflenet_v2_x1_0 88.86925 [[64, 1, 7, 14, 3, 2, 2, 2], [10, 245, 7, 14, 3, 2, 2, 2]]
== [64, 1, 7, 14, 5, 2, 2, 2] [10, 245, 7, 14, 3, 2, 2, 2] 414.08101
== [64, 1, 7, 14, 5, 2, 2, 2] [10, 245, 14, 14, 3, 2, 2, 2] 418.40281
== [64, 1, 14, 14, 5, 2, 2, 2] [10, 245, 7, 14, 3, 2, 2, 2] 416.82693
== [64, 1, 14, 14, 5, 2, 2, 2] [10, 245, 14, 14, 3, 2, 2, 2] 421.14873
mnasnet0_5 414.08101 [[64, 1, 7, 14, 5, 2, 2, 2], [10, 245, 7, 14, 3, 2, 2, 2]]
== [64, 1, 7, 14, 3, 2, 2, 2] [10, 245, 7, 14, 3, 2, 2, 2] 752.0177
== [64, 1, 7, 14, 3, 2, 2, 2] [10, 245, 14, 14, 3, 2, 2, 2] 756.3395
== [64, 1, 14, 14, 3, 2, 2, 2] [10, 245, 7, 14, 3, 2, 2, 2] 765.7489
== [64, 1, 14, 14, 3, 2, 2, 2] [10, 245, 14, 14, 3, 2, 2, 2] 770.0707
mobilenet_v2 752.0177 [[64, 1, 7, 14, 3, 2, 2, 2], [10, 245, 7, 14, 3, 2, 2, 2]]
== [64, 1, 7, 14, 5, 2, 2, 2] [10, 245, 7, 14, 3, 2, 2, 2] 666.37564
== [64, 1, 7, 14, 5, 2, 2, 2] [10, 245, 14, 14, 3, 2, 2, 2] 670.69744
== [64, 1, 14, 14, 5, 2, 2, 2] [10, 245, 7, 14, 3, 2, 2, 2] 671.53884
== [64, 1, 14, 14, 5, 2, 2, 2] [10, 245, 14, 14, 3, 2, 2, 2] 675.86064
mnasnet1_0 666.37564 [[64, 1, 7, 14, 5, 2, 2, 2], [10, 245, 7, 14, 3, 2, 2, 2]]
